1	-1.979917e-05
2	-5.939315e-05
3	-1.187736e-04
4	-1.979281e-04
5	-2.968404e-04
6	-4.154901e-04
7	-5.538528e-04
8	-7.119002e-04
9	-8.895999e-04
10	-1.086916e-03
11	-1.303807e-03
12	-1.540229e-03
13	-1.796134e-03
14	-2.071469e-03
15	-2.366178e-03
16	-2.680201e-03
17	-3.013472e-03
18	-3.365924e-03
19	-3.737484e-03
20	-4.128075e-03
21	-4.537617e-03
22	-4.966024e-03
23	-5.413209e-03
24	-5.879079e-03
25	-6.363537e-03
26	-6.866481e-03
27	-7.387808e-03
28	-7.927409e-03
29	-8.485170e-03
30	-9.060975e-03
31	-9.654702e-03
32	-1.026623e-02
33	-1.089542e-02
34	-1.154215e-02
35	-1.220628e-02
36	-1.288766e-02
37	-1.358616e-02
38	-1.430162e-02
39	-1.503389e-02
40	-1.578281e-02
41	-1.654822e-02
42	-1.732996e-02
43	-1.812786e-02
44	-1.894174e-02
45	-1.977143e-02
46	-2.061674e-02
47	-2.147750e-02
48	-2.235350e-02
49	-2.324457e-02
50	-2.415051e-02
51	-2.507111e-02
52	-2.600616e-02
53	-2.695548e-02
54	-2.791883e-02
55	-2.889600e-02
56	-2.988678e-02
57	-3.089093e-02
58	-3.190823e-02
59	-3.293843e-02
60	-3.398131e-02
61	-3.503661e-02
62	-3.610409e-02
63	-3.718349e-02
64	-3.827455e-02
65	-3.937702e-02
66	-4.049062e-02
67	-4.161510e-02
68	-4.275019e-02
69	-4.389563e-02
70	-4.505116e-02
71	-4.621651e-02
72	-4.739143e-02
73	-4.857567e-02
74	-4.976898e-02
75	-5.097110e-02
76	-5.218180e-02
77	-5.340082e-02
78	-5.462792e-02
79	-5.586283e-02
80	-5.710529e-02
81	-5.835503e-02
82	-5.961175e-02
83	-6.087517e-02
84	-6.214497e-02
85	-6.342081e-02
86	-6.470236e-02
87	-6.598925e-02
88	-6.728113e-02
89	-6.857762e-02
90	-6.987835e-02
91	-7.118293e-02
92	-7.249100e-02
93	-7.380217e-02
94	-7.511608e-02
95	-7.643237e-02
96	-7.775069e-02
97	-7.907069e-02
98	-8.039203e-02
99	-8.171437e-02
100	-8.303737e-02
101	-8.436069e-02
102	-8.568397e-02
103	-8.700687e-02
104	-8.832902e-02
105	-8.965005e-02
106	-9.096960e-02
107	-9.228728e-02
108	-9.360271e-02
109	-9.491551e-02
110	-9.622532e-02
111	-9.753175e-02
112	-9.883445e-02
113	-1.001331e-01
114	-1.014273e-01
115	-1.027167e-01
116	-1.040010e-01
117	-1.052799e-01
118	-1.065531e-01
119	-1.078202e-01
120	-1.090809e-01
121	-1.103349e-01
122	-1.115818e-01
123	-1.128212e-01
124	-1.140530e-01
125	-1.152766e-01
126	-1.164918e-01
127	-1.176982e-01
128	-1.188955e-01
129	-1.200834e-01
130	-1.212614e-01
131	-1.224294e-01
132	-1.235871e-01
133	-1.247340e-01
134	-1.258700e-01
135	-1.269948e-01
136	-1.281080e-01
137	-1.292094e-01
138	-1.302987e-01
139	-1.313757e-01
140	-1.324399e-01
141	-1.334911e-01
142	-1.345291e-01
143	-1.355534e-01
144	-1.365639e-01
145	-1.375602e-01
146	-1.385421e-01
147	-1.395093e-01
148	-1.404615e-01
149	-1.413984e-01
150	-1.423199e-01
151	-1.432256e-01
152	-1.441153e-01
153	-1.449888e-01
154	-1.458458e-01
155	-1.466861e-01
156	-1.475094e-01
157	-1.483154e-01
158	-1.491040e-01
159	-1.498749e-01
160	-1.506277e-01
161	-1.513624e-01
162	-1.520787e-01
163	-1.527764e-01
164	-1.534554e-01
165	-1.541154e-01
166	-1.547562e-01
167	-1.553779e-01
168	-1.559801e-01
169	-1.565627e-01
170	-1.571256e-01
171	-1.576687e-01
172	-1.581917e-01
173	-1.586944e-01
174	-1.591767e-01
175	-1.596385e-01
176	-1.600793e-01
177	-1.604992e-01
178	-1.608978e-01
179	-1.612750e-01
180	-1.616306e-01
181	-1.619644e-01
182	-1.622762e-01
183	-1.625658e-01
184	-1.628331e-01
185	-1.630779e-01
186	-1.633001e-01
187	-1.634995e-01
188	-1.636760e-01
189	-1.638295e-01
190	-1.639598e-01
191	-1.640668e-01
192	-1.641505e-01
193	-1.642106e-01
194	-1.642471e-01
195	-1.642599e-01
196	-1.642489e-01
197	-1.642141e-01
198	-1.641553e-01
199	-1.640724e-01
200	-1.639654e-01
201	-1.638342e-01
202	-1.636788e-01
203	-1.634990e-01
204	-1.632947e-01
205	-1.630660e-01
206	-1.628127e-01
207	-1.625348e-01
208	-1.622322e-01
209	-1.619049e-01
210	-1.615529e-01
211	-1.611761e-01
212	-1.607745e-01
213	-1.603482e-01
214	-1.598971e-01
215	-1.594213e-01
216	-1.589206e-01
217	-1.583951e-01
218	-1.578448e-01
219	-1.572696e-01
220	-1.566696e-01
221	-1.560446e-01
222	-1.553947e-01
223	-1.547198e-01
224	-1.540199e-01
225	-1.532950e-01
226	-1.525450e-01
227	-1.517700e-01
228	-1.509701e-01
229	-1.501451e-01
230	-1.492952e-01
231	-1.484203e-01
232	-1.475206e-01
233	-1.465959e-01
234	-1.456464e-01
235	-1.446720e-01
236	-1.436728e-01
237	-1.426486e-01
238	-1.415996e-01
239	-1.405256e-01
240	-1.394268e-01
241	-1.383030e-01
242	-1.371543e-01
243	-1.359807e-01
244	-1.347822e-01
245	-1.335589e-01
246	-1.323108e-01
247	-1.310379e-01
248	-1.297403e-01
249	-1.284181e-01
250	-1.270713e-01
251	-1.256999e-01
252	-1.243039e-01
253	-1.228834e-01
254	-1.214384e-01
255	-1.199688e-01
256	-1.184748e-01
257	-1.169563e-01
258	-1.154134e-01
259	-1.138461e-01
260	-1.122545e-01
261	-1.106386e-01
262	-1.089984e-01
263	-1.073342e-01
264	-1.056459e-01
265	-1.039337e-01
266	-1.021975e-01
267	-1.004376e-01
268	-9.865393e-02
269	-9.684661e-02
270	-9.501569e-02
271	-9.316124e-02
272	-9.128332e-02
273	-8.938202e-02
274	-8.745740e-02
275	-8.550956e-02
276	-8.353860e-02
277	-8.154462e-02
278	-7.952775e-02
279	-7.748812e-02
280	-7.542585e-02
281	-7.334108e-02
282	-7.123396e-02
283	-6.910461e-02
284	-6.695317e-02
285	-6.477978e-02
286	-6.258456e-02
287	-6.036765e-02
288	-5.812919e-02
289	-5.586930e-02
290	-5.358815e-02
291	-5.128588e-02
292	-4.896265e-02
293	-4.661865e-02
294	-4.425406e-02
295	-4.186905e-02
296	-3.946385e-02
297	-3.703864e-02
298	-3.459363e-02
299	-3.212904e-02
300	-2.964506e-02
301	-2.714191e-02
302	-2.461979e-02
303	-2.207892e-02
304	-1.951950e-02
305	-1.694175e-02
306	-1.434591e-02
307	-1.173220e-02
308	-9.100853e-03
309	-6.452132e-03
310	-3.786288e-03
311	-1.103588e-03
312	1.595698e-03
313	4.311293e-03
314	7.042915e-03
315	9.790280e-03
316	1.255310e-02
317	1.533110e-02
318	1.812397e-02
319	2.093143e-02
320	2.375319e-02
321	2.658893e-02
322	2.943836e-02
323	3.230116e-02
324	3.517701e-02
325	3.806559e-02
326	4.096656e-02
327	4.387957e-02
328	4.680430e-02
329	4.974038e-02
330	5.268746e-02
331	5.564519e-02
332	5.861319e-02
333	6.159112e-02
334	6.457860e-02
335	6.757526e-02
336	7.058074e-02
337	7.359464e-02
338	7.661660e-02
339	7.964621e-02
340	8.268310e-02
341	8.572686e-02
342	8.877709e-02
343	9.183338e-02
344	9.489532e-02
345	9.796250e-02
346	1.010345e-01
347	1.041109e-01
348	1.071913e-01
349	1.102752e-01
350	1.133622e-01
351	1.164519e-01
352	1.195438e-01
353	1.226375e-01
354	1.257326e-01
355	1.288287e-01
356	1.319251e-01
357	1.350216e-01
358	1.381177e-01
359	1.412129e-01
360	1.443067e-01
361	1.473987e-01
362	1.504885e-01
363	1.535755e-01
364	1.566593e-01
365	1.597394e-01
366	1.628155e-01
367	1.658869e-01
368	1.689532e-01
369	1.720139e-01
370	1.750687e-01
371	1.781169e-01
372	1.811581e-01
373	1.841919e-01
374	1.872177e-01
375	1.902352e-01
376	1.932437e-01
377	1.962429e-01
378	1.992323e-01
379	2.022114e-01
380	2.051796e-01
381	2.081366e-01
382	2.110819e-01
383	2.140149e-01
384	2.169352e-01
385	2.198423e-01
386	2.227358e-01
387	2.256152e-01
388	2.284799e-01
389	2.313296e-01
390	2.341637e-01
391	2.369819e-01
392	2.397836e-01
393	2.425685e-01
394	2.453360e-01
395	2.480857e-01
396	2.508171e-01
397	2.535299e-01
398	2.562235e-01
399	2.588975e-01
400	2.615514e-01
401	2.641849e-01
402	2.667975e-01
403	2.693887e-01
404	2.719581e-01
405	2.745053e-01
406	2.770299e-01
407	2.795315e-01
408	2.820096e-01
409	2.844639e-01
410	2.868939e-01
411	2.892993e-01
412	2.916796e-01
413	2.940345e-01
414	2.963636e-01
415	2.986664e-01
416	3.009427e-01
417	3.031919e-01
418	3.054138e-01
419	3.076081e-01
420	3.097742e-01
421	3.119120e-01
422	3.140210e-01
423	3.161009e-01
424	3.181514e-01
425	3.201723e-01
426	3.221631e-01
427	3.241235e-01
428	3.260533e-01
429	3.279521e-01
430	3.298196e-01
431	3.316556e-01
432	3.334596e-01
433	3.352315e-01
434	3.369710e-01
435	3.386778e-01
436	3.403516e-01
437	3.419922e-01
438	3.435993e-01
439	3.451728e-01
440	3.467123e-01
441	3.482177e-01
442	3.496887e-01
443	3.511251e-01
444	3.525268e-01
445	3.538934e-01
446	3.552248e-01
447	3.565208e-01
448	3.577812e-01
449	3.590058e-01
450	3.601944e-01
451	3.613469e-01
452	3.624631e-01
453	3.635428e-01
454	3.645859e-01
455	3.655923e-01
456	3.665618e-01
457	3.674943e-01
458	3.683897e-01
459	3.692478e-01
460	3.700686e-01
461	3.708520e-01
462	3.715977e-01
463	3.723058e-01
464	3.729761e-01
465	3.736084e-01
466	3.742028e-01
467	3.747592e-01
468	3.752774e-01
469	3.757575e-01
470	3.761993e-01
471	3.766029e-01
472	3.769681e-01
473	3.772950e-01
474	3.775835e-01
475	3.778335e-01
476	3.780451e-01
477	3.782181e-01
478	3.783526e-01
479	3.784484e-01
480	3.785057e-01
481	3.785244e-01
482	3.785045e-01
483	3.784459e-01
484	3.783488e-01
485	3.782130e-01
486	3.780387e-01
487	3.778259e-01
488	3.775745e-01
489	3.772847e-01
490	3.769564e-01
491	3.765897e-01
492	3.761846e-01
493	3.757411e-01
494	3.752593e-01
495	3.747391e-01
496	3.741807e-01
497	3.735840e-01
498	3.729491e-01
499	3.722761e-01
500	3.715650e-01
501	3.708159e-01
502	3.700288e-01
503	3.692039e-01
504	3.683413e-01
505	3.674409e-01
506	3.665028e-01
507	3.655272e-01
508	3.645140e-01
509	3.634635e-01
510	3.623755e-01
511	3.612502e-01
512	3.600877e-01
513	3.588881e-01
514	3.576514e-01
515	3.563777e-01
516	3.550672e-01
517	3.537200e-01
518	3.523361e-01
519	3.509156e-01
520	3.494587e-01
521	3.479655e-01
522	3.464360e-01
523	3.448704e-01
524	3.432687e-01
525	3.416311e-01
526	3.399577e-01
527	3.382484e-01
528	3.365036e-01
529	3.347231e-01
530	3.329073e-01
531	3.310561e-01
532	3.291698e-01
533	3.272484e-01
534	3.252921e-01
535	3.233010e-01
536	3.212753e-01
537	3.192150e-01
538	3.171203e-01
539	3.149913e-01
540	3.128281e-01
541	3.106308e-01
542	3.083996e-01
543	3.061346e-01
544	3.038358e-01
545	3.015035e-01
546	2.991378e-01
547	2.967388e-01
548	2.943067e-01
549	2.918416e-01
550	2.893437e-01
551	2.868132e-01
552	2.842501e-01
553	2.816547e-01
554	2.790270e-01
555	2.763673e-01
556	2.736757e-01
557	2.709523e-01
558	2.681972e-01
559	2.654107e-01
560	2.625929e-01
561	2.597440e-01
562	2.568642e-01
563	2.539535e-01
564	2.510123e-01
565	2.480407e-01
566	2.450389e-01
567	2.420071e-01
568	2.389455e-01
569	2.358543e-01
570	2.327336e-01
571	2.295836e-01
572	2.264046e-01
573	2.231968e-01
574	2.199602e-01
575	2.166953e-01
576	2.134020e-01
577	2.100808e-01
578	2.067317e-01
579	2.033551e-01
580	1.999511e-01
581	1.965201e-01
582	1.930622e-01
583	1.895778e-01
584	1.860670e-01
585	1.825300e-01
586	1.789672e-01
587	1.753788e-01
588	1.717650e-01
589	1.681261e-01
590	1.644623e-01
591	1.607739e-01
592	1.570612e-01
593	1.533245e-01
594	1.495641e-01
595	1.457802e-01
596	1.419732e-01
597	1.381434e-01
598	1.342911e-01
599	1.304165e-01
600	1.265201e-01
601	1.226021e-01
602	1.186628e-01
603	1.147026e-01
604	1.107217e-01
605	1.067205e-01
606	1.026993e-01
607	9.865840e-02
608	9.459820e-02
609	9.051904e-02
610	8.642128e-02
611	8.230529e-02
612	7.817143e-02
613	7.402007e-02
614	6.985161e-02
615	6.566640e-02
616	6.146484e-02
617	5.724729e-02
618	5.301415e-02
619	4.876580e-02
620	4.450263e-02
621	4.022504e-02
622	3.593346e-02
623	3.162829e-02
624	2.730998e-02
625	2.297895e-02
626	1.863565e-02
627	1.428054e-02
628	9.914059e-03
629	5.536665e-03
630	1.148805e-03
631	-3.249074e-03
632	-7.656527e-03
633	-1.207311e-02
634	-1.649839e-02
635	-2.093191e-02
636	-2.537323e-02
637	-2.982191e-02
638	-3.427748e-02
639	-3.873948e-02
640	-4.320744e-02
641	-4.768088e-02
642	-5.215931e-02
643	-5.664223e-02
644	-6.112916e-02
645	-6.561959e-02
646	-7.011302e-02
647	-7.460895e-02
648	-7.910686e-02
649	-8.360626e-02
650	-8.810662e-02
651	-9.260743e-02
652	-9.710817e-02
653	-1.016083e-01
654	-1.061073e-01
655	-1.106046e-01
656	-1.150997e-01
657	-1.195921e-01
658	-1.240811e-01
659	-1.285663e-01
660	-1.330471e-01
661	-1.375229e-01
662	-1.419933e-01
663	-1.464577e-01
664	-1.509156e-01
665	-1.553665e-01
666	-1.598098e-01
667	-1.642451e-01
668	-1.686718e-01
669	-1.730894e-01
670	-1.774974e-01
671	-1.818952e-01
672	-1.862824e-01
673	-1.906582e-01
674	-1.950223e-01
675	-1.993740e-01
676	-2.037129e-01
677	-2.080383e-01
678	-2.123498e-01
679	-2.166468e-01
680	-2.209288e-01
681	-2.251952e-01
682	-2.294456e-01
683	-2.336795e-01
684	-2.378962e-01
685	-2.420954e-01
686	-2.462765e-01
687	-2.504389e-01
688	-2.545822e-01
689	-2.587058e-01
690	-2.628092e-01
691	-2.668919e-01
692	-2.709534e-01
693	-2.749931e-01
694	-2.790106e-01
695	-2.830053e-01
696	-2.869768e-01
697	-2.909246e-01
698	-2.948482e-01
699	-2.987470e-01
700	-3.026207e-01
701	-3.064687e-01
702	-3.102906e-01
703	-3.140859e-01
704	-3.178541e-01
705	-3.215947e-01
706	-3.253073e-01
707	-3.289915e-01
708	-3.326467e-01
709	-3.362725e-01
710	-3.398686e-01
711	-3.434344e-01
712	-3.469696e-01
713	-3.504737e-01
714	-3.539463e-01
715	-3.573870e-01
716	-3.607954e-01
717	-3.641710e-01
718	-3.675135e-01
719	-3.708225e-01
720	-3.740976e-01
721	-3.773383e-01
722	-3.805443e-01
723	-3.837153e-01
724	-3.868508e-01
725	-3.899506e-01
726	-3.930143e-01
727	-3.960417e-01
728	-3.990323e-01
729	-4.019859e-01
730	-4.049023e-01
731	-4.077810e-01
732	-4.106219e-01
733	-4.134246e-01
734	-4.161888e-01
735	-4.189143e-01
736	-4.216006e-01
737	-4.242476e-01
738	-4.268548e-01
739	-4.294221e-01
740	-4.319492e-01
741	-4.344356e-01
742	-4.368813e-01
743	-4.392859e-01
744	-4.416492e-01
745	-4.439710e-01
746	-4.462510e-01
747	-4.484889e-01
748	-4.506847e-01
749	-4.528380e-01
750	-4.549487e-01
751	-4.570165e-01
752	-4.590412e-01
753	-4.610228e-01
754	-4.629609e-01
755	-4.648554e-01
756	-4.667061e-01
757	-4.685129e-01
758	-4.702756e-01
759	-4.719941e-01
760	-4.736682e-01
761	-4.752978e-01
762	-4.768828e-01
763	-4.784230e-01
764	-4.799183e-01
765	-4.813687e-01
766	-4.827738e-01
767	-4.841338e-01
768	-4.854483e-01
769	-4.867174e-01
770	-4.879410e-01
771	-4.891189e-01
772	-4.902511e-01
773	-4.913375e-01
774	-4.923780e-01
775	-4.933726e-01
776	-4.943212e-01
777	-4.952238e-01
778	-4.960804e-01
779	-4.968908e-01
780	-4.976550e-01
781	-4.983730e-01
782	-4.990447e-01
783	-4.996701e-01
784	-5.002492e-01
785	-5.007818e-01
786	-5.012681e-01
787	-5.017078e-01
788	-5.021011e-01
789	-5.024480e-01
790	-5.027483e-01
791	-5.030022e-01
792	-5.032096e-01
793	-5.033706e-01
794	-5.034851e-01
795	-5.035531e-01
796	-5.035747e-01
797	-5.035499e-01
798	-5.034786e-01
799	-5.033610e-01
800	-5.031970e-01
801	-5.029866e-01
802	-5.027299e-01
803	-5.024269e-01
804	-5.020777e-01
805	-5.016823e-01
806	-5.012407e-01
807	-5.007531e-01
808	-5.002194e-01
809	-4.996398e-01
810	-4.990142e-01
811	-4.983427e-01
812	-4.976255e-01
813	-4.968624e-01
814	-4.960537e-01
815	-4.951992e-01
816	-4.942992e-01
817	-4.933536e-01
818	-4.923625e-01
819	-4.913261e-01
820	-4.902443e-01
821	-4.891173e-01
822	-4.879451e-01
823	-4.867279e-01
824	-4.854658e-01
825	-4.841588e-01
826	-4.828071e-01
827	-4.814106e-01
828	-4.799696e-01
829	-4.784841e-01
830	-4.769541e-01
831	-4.753798e-01
832	-4.737612e-01
833	-4.720985e-01
834	-4.703917e-01
835	-4.686409e-01
836	-4.668463e-01
837	-4.650079e-01
838	-4.631260e-01
839	-4.612005e-01
840	-4.592318e-01
841	-4.572198e-01
842	-4.551648e-01
843	-4.530668e-01
844	-4.509260e-01
845	-4.487426e-01
846	-4.465166e-01
847	-4.442482e-01
848	-4.419376e-01
849	-4.395848e-01
850	-4.371900e-01
851	-4.347534e-01
852	-4.322751e-01
853	-4.297553e-01
854	-4.271942e-01
855	-4.245918e-01
856	-4.219485e-01
857	-4.192643e-01
858	-4.165395e-01
859	-4.137743e-01
860	-4.109688e-01
861	-4.081233e-01
862	-4.052379e-01
863	-4.023129e-01
864	-3.993485e-01
865	-3.963448e-01
866	-3.933022e-01
867	-3.902209e-01
868	-3.871010e-01
869	-3.839429e-01
870	-3.807467e-01
871	-3.775128e-01
872	-3.742413e-01
873	-3.709324e-01
874	-3.675865e-01
875	-3.642038e-01
876	-3.607844e-01
877	-3.573287e-01
878	-3.538370e-01
879	-3.503094e-01
880	-3.467462e-01
881	-3.431477e-01
882	-3.395142e-01
883	-3.358460e-01
884	-3.321433e-01
885	-3.284065e-01
886	-3.246358e-01
887	-3.208315e-01
888	-3.169939e-01
889	-3.131233e-01
890	-3.092201e-01
891	-3.052844e-01
892	-3.013167e-01
893	-2.973173e-01
894	-2.932864e-01
895	-2.892244e-01
896	-2.851316e-01
897	-2.810085e-01
898	-2.768554e-01
899	-2.726726e-01
900	-2.684605e-01
901	-2.642195e-01
902	-2.599499e-01
903	-2.556522e-01
904	-2.513266e-01
905	-2.469736e-01
906	-2.425935e-01
907	-2.381866e-01
908	-2.337534e-01
909	-2.292941e-01
910	-2.248091e-01
911	-2.202989e-01
912	-2.157638e-01
913	-2.112042e-01
914	-2.066205e-01
915	-2.020131e-01
916	-1.973825e-01
917	-1.927291e-01
918	-1.880533e-01
919	-1.833556e-01
920	-1.786363e-01
921	-1.738960e-01
922	-1.691350e-01
923	-1.643539e-01
924	-1.595529e-01
925	-1.547327e-01
926	-1.498935e-01
927	-1.450359e-01
928	-1.401603e-01
929	-1.352672e-01
930	-1.303571e-01
931	-1.254304e-01
932	-1.204876e-01
933	-1.155292e-01
934	-1.105556e-01
935	-1.055675e-01
936	-1.005652e-01
937	-9.554921e-02
938	-9.052009e-02
939	-8.547831e-02
940	-8.042436e-02
941	-7.535874e-02
942	-7.028194e-02
943	-6.519448e-02
944	-6.009686e-02
945	-5.498959e-02
946	-4.987319e-02
947	-4.474818e-02
948	-3.961507e-02
949	-3.447438e-02
950	-2.932662e-02
951	-2.417232e-02
952	-1.901199e-02
953	-1.384615e-02
954	-8.675314e-03
955	-3.500006e-03
956	1.679254e-03
957	6.861940e-03
958	1.204753e-02
959	1.723548e-02
960	2.242528e-02
961	2.761638e-02
962	3.280825e-02
963	3.800037e-02
964	4.319221e-02
965	4.838324e-02
966	5.357294e-02
967	5.876080e-02
968	6.394631e-02
969	6.912896e-02
970	7.430824e-02
971	7.948364e-02
972	8.465466e-02
973	8.982079e-02
974	9.498151e-02
975	1.001363e-01
976	1.052847e-01
977	1.104261e-01
978	1.155600e-01
979	1.206860e-01
980	1.258034e-01
981	1.309119e-01
982	1.360107e-01
983	1.410996e-01
984	1.461778e-01
985	1.512450e-01
986	1.563006e-01
987	1.613442e-01
988	1.663751e-01
989	1.713930e-01
990	1.763973e-01
991	1.813875e-01
992	1.863631e-01
993	1.913237e-01
994	1.962688e-01
995	2.011978e-01
996	2.061104e-01
997	2.110062e-01
998	2.158845e-01
999	2.207451e-01
1000	2.255874e-01
1001	2.304110e-01
1002	2.352155e-01
1003	2.400005e-01
1004	2.447655e-01
1005	2.495100e-01
1006	2.542337e-01
1007	2.589361e-01
1008	2.636168e-01
1009	2.682754e-01
1010	2.729113e-01
1011	2.775243e-01
1012	2.821139e-01
1013	2.866797e-01
1014	2.912214e-01
1015	2.957385e-01
1016	3.002307e-01
1017	3.046976e-01
1018	3.091388e-01
1019	3.135539e-01
1020	3.179427e-01
1021	3.223047e-01
1022	3.266396e-01
1023	3.309469e-01
1024	3.352264e-01
1025	3.394777e-01
1026	3.437004e-01
1027	3.478941e-01
1028	3.520586e-01
1029	3.561935e-01
1030	3.602984e-01
1031	3.643731e-01
1032	3.684172e-01
1033	3.724304e-01
1034	3.764124e-01
1035	3.803628e-01
1036	3.842814e-01
1037	3.881678e-01
1038	3.920218e-01
1039	3.958431e-01
1040	3.996313e-01
1041	4.033861e-01
1042	4.071074e-01
1043	4.107947e-01
1044	4.144479e-01
1045	4.180666e-01
1046	4.216506e-01
1047	4.251997e-01
1048	4.287135e-01
1049	4.321919e-01
1050	4.356345e-01
1051	4.390410e-01
1052	4.424114e-01
1053	4.457452e-01
1054	4.490422e-01
1055	4.523023e-01
1056	4.555251e-01
1057	4.587104e-01
1058	4.618580e-01
1059	4.649677e-01
1060	4.680392e-01
1061	4.710723e-01
1062	4.740668e-01
1063	4.770224e-01
1064	4.799390e-01
1065	4.828164e-01
1066	4.856543e-01
1067	4.884525e-01
1068	4.912108e-01
1069	4.939290e-01
1070	4.966069e-01
1071	4.992442e-01
1072	5.018408e-01
1073	5.043965e-01
1074	5.069110e-01
1075	5.093842e-01
1076	5.118158e-01
1077	5.142058e-01
1078	5.165538e-01
1079	5.188598e-01
1080	5.211235e-01
1081	5.233447e-01
1082	5.255232e-01
1083	5.276589e-01
1084	5.297516e-01
1085	5.318011e-01
1086	5.338071e-01
1087	5.357696e-01
1088	5.376883e-01
1089	5.395631e-01
1090	5.413938e-01
1091	5.431802e-01
1092	5.449222e-01
1093	5.466195e-01
1094	5.482722e-01
1095	5.498799e-01
1096	5.514425e-01
1097	5.529599e-01
1098	5.544318e-01
1099	5.558582e-01
1100	5.572389e-01
1101	5.585736e-01
1102	5.598623e-01
1103	5.611047e-01
1104	5.623008e-01
1105	5.634502e-01
1106	5.645530e-01
1107	5.656090e-01
1108	5.666179e-01
1109	5.675798e-01
1110	5.684944e-01
1111	5.693616e-01
1112	5.701813e-01
1113	5.709533e-01
1114	5.716775e-01
1115	5.723537e-01
1116	5.729819e-01
1117	5.735619e-01
1118	5.740935e-01
1119	5.745766e-01
1120	5.750111e-01
1121	5.753968e-01
1122	5.757336e-01
1123	5.760214e-01
1124	5.762600e-01
1125	5.764494e-01
1126	5.765895e-01
1127	5.766801e-01
1128	5.767211e-01
1129	5.767125e-01
1130	5.766541e-01
1131	5.765458e-01
1132	5.763876e-01
1133	5.761793e-01
1134	5.759209e-01
1135	5.756123e-01
1136	5.752534e-01
1137	5.748441e-01
1138	5.743844e-01
1139	5.738741e-01
1140	5.733132e-01
1141	5.727016e-01
1142	5.720394e-01
1143	5.713264e-01
1144	5.705626e-01
1145	5.697479e-01
1146	5.688824e-01
1147	5.679660e-01
1148	5.669987e-01
1149	5.659806e-01
1150	5.649115e-01
1151	5.637915e-01
1152	5.626206e-01
1153	5.613989e-01
1154	5.601262e-01
1155	5.588028e-01
1156	5.574285e-01
1157	5.560034e-01
1158	5.545276e-01
1159	5.530011e-01
1160	5.514239e-01
1161	5.497961e-01
1162	5.481178e-01
1163	5.463890e-01
1164	5.446098e-01
1165	5.427804e-01
1166	5.409008e-01
1167	5.389710e-01
1168	5.369913e-01
1169	5.349618e-01
1170	5.328825e-01
1171	5.307535e-01
1172	5.285751e-01
1173	5.263473e-01
1174	5.240703e-01
1175	5.217442e-01
1176	5.193693e-01
1177	5.169455e-01
1178	5.144731e-01
1179	5.119524e-01
1180	5.093834e-01
1181	5.067663e-01
1182	5.041014e-01
1183	5.013888e-01
1184	4.986288e-01
1185	4.958215e-01
1186	4.929672e-01
1187	4.900662e-01
1188	4.871186e-01
1189	4.841247e-01
1190	4.810848e-01
1191	4.779990e-01
1192	4.748677e-01
1193	4.716911e-01
1194	4.684695e-01
1195	4.652031e-01
1196	4.618923e-01
1197	4.585372e-01
1198	4.551383e-01
1199	4.516957e-01
1200	4.482099e-01
1201	4.446810e-01
1202	4.411094e-01
1203	4.374955e-01
1204	4.338395e-01
1205	4.301419e-01
1206	4.264028e-01
1207	4.226227e-01
1208	4.188019e-01
1209	4.149408e-01
1210	4.110398e-01
1211	4.070992e-01
1212	4.031193e-01
1213	3.991006e-01
1214	3.950435e-01
1215	3.909483e-01
1216	3.868154e-01
1217	3.826451e-01
1218	3.784380e-01
1219	3.741943e-01
1220	3.699146e-01
1221	3.655991e-01
1222	3.612483e-01
1223	3.568626e-01
1224	3.524425e-01
1225	3.479883e-01
1226	3.435005e-01
1227	3.389795e-01
1228	3.344258e-01
1229	3.298398e-01
1230	3.252219e-01
1231	3.205727e-01
1232	3.158924e-01
1233	3.111816e-01
1234	3.064407e-01
1235	3.016701e-01
1236	2.968704e-01
1237	2.920419e-01
1238	2.871850e-01
1239	2.823004e-01
1240	2.773883e-01
1241	2.724493e-01
1242	2.674839e-01
1243	2.624925e-01
1244	2.574755e-01
1245	2.524336e-01
1246	2.473672e-01
1247	2.422766e-01
1248	2.371625e-01
1249	2.320252e-01
1250	2.268653e-01
1251	2.216832e-01
1252	2.164793e-01
1253	2.112542e-01
1254	2.060083e-01
1255	2.007421e-01
1256	1.954560e-01
1257	1.901505e-01
1258	1.848262e-01
1259	1.794834e-01
1260	1.741227e-01
1261	1.687446e-01
1262	1.633495e-01
1263	1.579380e-01
1264	1.525104e-01
1265	1.470674e-01
1266	1.416093e-01
1267	1.361367e-01
1268	1.306501e-01
1269	1.251498e-01
1270	1.196363e-01
1271	1.141102e-01
1272	1.085719e-01
1273	1.030218e-01
1274	9.746049e-02
1275	9.188839e-02
1276	8.630599e-02
1277	8.071379e-02
1278	7.511226e-02
1279	6.950189e-02
1280	6.388316e-02
1281	5.825657e-02
1282	5.262259e-02
1283	4.698168e-02
1284	4.133433e-02
1285	3.568101e-02
1286	3.002218e-02
1287	2.435832e-02
1288	1.868989e-02
1289	1.301736e-02
1290	7.341206e-03
1291	1.661907e-03
1292	-4.020059e-03
1293	-9.704213e-03
1294	-1.539007e-02
1295	-2.107715e-02
1296	-2.676497e-02
1297	-3.245304e-02
1298	-3.814089e-02
1299	-4.382804e-02
1300	-4.951402e-02
1301	-5.519835e-02
1302	-6.088056e-02
1303	-6.656018e-02
1304	-7.223674e-02
1305	-7.790977e-02
1306	-8.357880e-02
1307	-8.924335e-02
1308	-9.490295e-02
1309	-1.005571e-01
1310	-1.062054e-01
1311	-1.118473e-01
1312	-1.174823e-01
1313	-1.231100e-01
1314	-1.287299e-01
1315	-1.343415e-01
1316	-1.399444e-01
1317	-1.455381e-01
1318	-1.511221e-01
1319	-1.566960e-01
1320	-1.622593e-01
1321	-1.678116e-01
1322	-1.733523e-01
1323	-1.788810e-01
1324	-1.843973e-01
1325	-1.899007e-01
1326	-1.953906e-01
1327	-2.008667e-01
1328	-2.063284e-01
1329	-2.117754e-01
1330	-2.172071e-01
1331	-2.226230e-01
1332	-2.280227e-01
1333	-2.334058e-01
1334	-2.387718e-01
1335	-2.441202e-01
1336	-2.494506e-01
1337	-2.547626e-01
1338	-2.600555e-01
1339	-2.653291e-01
1340	-2.705829e-01
1341	-2.758163e-01
1342	-2.810290e-01
1343	-2.862205e-01
1344	-2.913902e-01
1345	-2.965378e-01
1346	-3.016629e-01
1347	-3.067648e-01
1348	-3.118433e-01
1349	-3.168978e-01
1350	-3.219279e-01
1351	-3.269332e-01
1352	-3.319132e-01
1353	-3.368674e-01
1354	-3.417955e-01
1355	-3.466970e-01
1356	-3.515714e-01
1357	-3.564183e-01
1358	-3.612373e-01
1359	-3.660279e-01
1360	-3.707896e-01
1361	-3.755221e-01
1362	-3.802250e-01
1363	-3.848976e-01
1364	-3.895397e-01
1365	-3.941508e-01
1366	-3.987305e-01
1367	-4.032784e-01
1368	-4.077940e-01
1369	-4.122769e-01
1370	-4.167267e-01
1371	-4.211430e-01
1372	-4.255253e-01
1373	-4.298732e-01
1374	-4.341863e-01
1375	-4.384643e-01
1376	-4.427065e-01
1377	-4.469127e-01
1378	-4.510825e-01
1379	-4.552153e-01
1380	-4.593109e-01
1381	-4.633687e-01
1382	-4.673885e-01
1383	-4.713698e-01
1384	-4.753122e-01
1385	-4.792153e-01
1386	-4.830787e-01
1387	-4.869021e-01
1388	-4.906850e-01
1389	-4.944270e-01
1390	-4.981278e-01
1391	-5.017869e-01
1392	-5.054040e-01
1393	-5.089787e-01
1394	-5.125106e-01
1395	-5.159993e-01
1396	-5.194445e-01
1397	-5.228458e-01
1398	-5.262028e-01
1399	-5.295152e-01
1400	-5.327826e-01
1401	-5.360047e-01
1402	-5.391811e-01
1403	-5.423114e-01
1404	-5.453954e-01
1405	-5.484325e-01
1406	-5.514226e-01
1407	-5.543652e-01
1408	-5.572600e-01
1409	-5.601067e-01
1410	-5.629049e-01
1411	-5.656543e-01
1412	-5.683546e-01
1413	-5.710053e-01
1414	-5.736064e-01
1415	-5.761573e-01
1416	-5.786578e-01
1417	-5.811076e-01
1418	-5.835064e-01
1419	-5.858538e-01
1420	-5.881497e-01
1421	-5.903936e-01
1422	-5.925854e-01
1423	-5.947246e-01
1424	-5.968111e-01
1425	-5.988445e-01
1426	-6.008246e-01
1427	-6.027511e-01
1428	-6.046238e-01
1429	-6.064424e-01
1430	-6.082066e-01
1431	-6.099163e-01
1432	-6.115712e-01
1433	-6.131710e-01
1434	-6.147155e-01
1435	-6.162045e-01
1436	-6.176378e-01
1437	-6.190151e-01
1438	-6.203362e-01
1439	-6.216009e-01
1440	-6.228090e-01
1441	-6.239602e-01
1442	-6.250544e-01
1443	-6.260914e-01
1444	-6.270710e-01
1445	-6.279930e-01
1446	-6.288572e-01
1447	-6.296635e-01
1448	-6.304117e-01
1449	-6.311017e-01
1450	-6.317334e-01
1451	-6.323065e-01
1452	-6.328210e-01
1453	-6.332767e-01
1454	-6.336735e-01
1455	-6.340114e-01
1456	-6.342901e-01
1457	-6.345096e-01
1458	-6.346698e-01
1459	-6.347706e-01
1460	-6.348119e-01
1461	-6.347936e-01
1462	-6.347156e-01
1463	-6.345779e-01
1464	-6.343805e-01
1465	-6.341231e-01
1466	-6.338059e-01
1467	-6.334287e-01
1468	-6.329915e-01
1469	-6.324942e-01
1470	-6.319369e-01
1471	-6.313194e-01
1472	-6.306419e-01
1473	-6.299042e-01
1474	-6.291063e-01
1475	-6.282483e-01
1476	-6.273302e-01
1477	-6.263520e-01
1478	-6.253137e-01
1479	-6.242154e-01
1480	-6.230571e-01
1481	-6.218389e-01
1482	-6.205608e-01
1483	-6.192230e-01
1484	-6.178254e-01
1485	-6.163682e-01
1486	-6.148515e-01
1487	-6.132753e-01
1488	-6.116399e-01
1489	-6.099452e-01
1490	-6.081914e-01
1491	-6.063786e-01
1492	-6.045071e-01
1493	-6.025768e-01
1494	-6.005880e-01
1495	-5.985408e-01
1496	-5.964354e-01
1497	-5.942721e-01
1498	-5.920509e-01
1499	-5.897720e-01
1500	-5.874358e-01
1501	-5.850423e-01
1502	-5.825918e-01
1503	-5.800845e-01
1504	-5.775207e-01
1505	-5.749007e-01
1506	-5.722245e-01
1507	-5.694926e-01
1508	-5.667052e-01
1509	-5.638626e-01
1510	-5.609649e-01
1511	-5.580127e-01
1512	-5.550060e-01
1513	-5.519453e-01
1514	-5.488309e-01
1515	-5.456630e-01
1516	-5.424420e-01
1517	-5.391683e-01
1518	-5.358420e-01
1519	-5.324637e-01
1520	-5.290337e-01
1521	-5.255523e-01
1522	-5.220198e-01
1523	-5.184367e-01
1524	-5.148033e-01
1525	-5.111200e-01
1526	-5.073872e-01
1527	-5.036053e-01
1528	-4.997747e-01
1529	-4.958958e-01
1530	-4.919691e-01
1531	-4.879949e-01
1532	-4.839736e-01
1533	-4.799058e-01
1534	-4.757917e-01
1535	-4.716319e-01
1536	-4.674269e-01
1537	-4.631770e-01
1538	-4.588827e-01
1539	-4.545445e-01
1540	-4.501628e-01
1541	-4.457381e-01
1542	-4.412709e-01
1543	-4.367617e-01
1544	-4.322110e-01
1545	-4.276192e-01
1546	-4.229869e-01
1547	-4.183144e-01
1548	-4.136024e-01
1549	-4.088514e-01
1550	-4.040617e-01
1551	-3.992340e-01
1552	-3.943687e-01
1553	-3.894663e-01
1554	-3.845273e-01
1555	-3.795522e-01
1556	-3.745415e-01
1557	-3.694958e-01
1558	-3.644154e-01
1559	-3.593010e-01
1560	-3.541531e-01
1561	-3.489721e-01
1562	-3.437585e-01
1563	-3.385129e-01
1564	-3.332359e-01
1565	-3.279278e-01
1566	-3.225893e-01
1567	-3.172209e-01
1568	-3.118231e-01
1569	-3.063964e-01
1570	-3.009414e-01
1571	-2.954585e-01
1572	-2.899484e-01
1573	-2.844115e-01
1574	-2.788483e-01
1575	-2.732594e-01
1576	-2.676454e-01
1577	-2.620066e-01
1578	-2.563438e-01
1579	-2.506573e-01
1580	-2.449476e-01
1581	-2.392154e-01
1582	-2.334612e-01
1583	-2.276853e-01
1584	-2.218885e-01
1585	-2.160711e-01
1586	-2.102337e-01
1587	-2.043768e-01
1588	-1.985010e-01
1589	-1.926067e-01
1590	-1.866945e-01
1591	-1.807649e-01
1592	-1.748184e-01
1593	-1.688554e-01
1594	-1.628766e-01
1595	-1.568823e-01
1596	-1.508732e-01
1597	-1.448497e-01
1598	-1.388122e-01
1599	-1.327614e-01
1600	-1.266976e-01
1601	-1.206214e-01
1602	-1.145332e-01
1603	-1.084335e-01
1604	-1.023229e-01
1605	-9.620172e-02
1606	-9.007052e-02
1607	-8.392975e-02
1608	-7.777991e-02
1609	-7.162147e-02
1610	-6.545490e-02
1611	-5.928068e-02
1612	-5.309929e-02
1613	-4.691119e-02
1614	-4.071686e-02
1615	-3.451676e-02
1616	-2.831136e-02
1617	-2.210112e-02
1618	-1.588650e-02
1619	-9.667958e-03
1620	-3.445950e-03
1621	2.779070e-03
1622	9.006649e-03
1623	1.523634e-02
1624	2.146768e-02
1625	2.770022e-02
1626	3.393352e-02
1627	4.016712e-02
1628	4.640057e-02
1629	5.263343e-02
1630	5.886523e-02
1631	6.509554e-02
1632	7.132391e-02
1633	7.754989e-02
1634	8.377303e-02
1635	8.999289e-02
1636	9.620903e-02
1637	1.024210e-01
1638	1.086284e-01
1639	1.148307e-01
1640	1.210275e-01
1641	1.272184e-01
1642	1.334029e-01
1643	1.395805e-01
1644	1.457510e-01
1645	1.519137e-01
1646	1.580682e-01
1647	1.642142e-01
1648	1.703511e-01
1649	1.764786e-01
1650	1.825961e-01
1651	1.887033e-01
1652	1.947996e-01
1653	2.008847e-01
1654	2.069581e-01
1655	2.130193e-01
1656	2.190679e-01
1657	2.251034e-01
1658	2.311254e-01
1659	2.371333e-01
1660	2.431269e-01
1661	2.491055e-01
1662	2.550687e-01
1663	2.610161e-01
1664	2.669472e-01
1665	2.728616e-01
1666	2.787587e-01
1667	2.846382e-01
1668	2.904995e-01
1669	2.963422e-01
1670	3.021658e-01
1671	3.079699e-01
1672	3.137540e-01
1673	3.195175e-01
1674	3.252601e-01
1675	3.309812e-01
1676	3.366803e-01
1677	3.423569e-01
1678	3.480105e-01
1679	3.536407e-01
1680	3.592469e-01
1681	3.648286e-01
1682	3.703854e-01
1683	3.759166e-01
1684	3.814219e-01
1685	3.869006e-01
1686	3.923524e-01
1687	3.977766e-01
1688	4.031728e-01
1689	4.085403e-01
1690	4.138788e-01
1691	4.191876e-01
1692	4.244663e-01
1693	4.297143e-01
1694	4.349310e-01
1695	4.401160e-01
1696	4.452687e-01
1697	4.503885e-01
1698	4.554749e-01
1699	4.605274e-01
1700	4.655455e-01
1701	4.705285e-01
1702	4.754759e-01
1703	4.803873e-01
1704	4.852619e-01
1705	4.900994e-01
1706	4.948990e-01
1707	4.996603e-01
1708	5.043826e-01
1709	5.090655e-01
1710	5.137082e-01
1711	5.183103e-01
1712	5.228712e-01
1713	5.273902e-01
1714	5.318669e-01
1715	5.363007e-01
1716	5.406909e-01
1717	5.450370e-01
1718	5.493385e-01
1719	5.535948e-01
1720	5.578052e-01
1721	5.619693e-01
1722	5.660865e-01
1723	5.701561e-01
1724	5.741776e-01
1725	5.781505e-01
1726	5.820741e-01
1727	5.859480e-01
1728	5.897715e-01
1729	5.935441e-01
1730	5.972652e-01
1731	6.009343e-01
1732	6.045509e-01
1733	6.081143e-01
1734	6.116242e-01
1735	6.150798e-01
1736	6.184807e-01
1737	6.218264e-01
1738	6.251163e-01
1739	6.283500e-01
1740	6.315268e-01
1741	6.346463e-01
1742	6.377079e-01
1743	6.407112e-01
1744	6.436557e-01
1745	6.465409e-01
1746	6.493663e-01
1747	6.521313e-01
1748	6.548357e-01
1749	6.574788e-01
1750	6.600603e-01
1751	6.625798e-01
1752	6.650367e-01
1753	6.674307e-01
1754	6.697613e-01
1755	6.720282e-01
1756	6.742309e-01
1757	6.763690e-01
1758	6.784422e-01
1759	6.804501e-01
1760	6.823922e-01
1761	6.842683e-01
1762	6.860779e-01
1763	6.878208e-01
1764	6.894966e-01
1765	6.911049e-01
1766	6.926455e-01
1767	6.941179e-01
1768	6.955220e-01
1769	6.968575e-01
1770	6.981240e-01
1771	6.993213e-01
1772	7.004491e-01
1773	7.015072e-01
1774	7.024954e-01
1775	7.034134e-01
1776	7.042610e-01
1777	7.050381e-01
1778	7.057445e-01
1779	7.063799e-01
1780	7.069442e-01
1781	7.074374e-01
1782	7.078592e-01
1783	7.082095e-01
1784	7.084883e-01
1785	7.086954e-01
1786	7.088307e-01
1787	7.088941e-01
1788	7.088856e-01
1789	7.088051e-01
1790	7.086526e-01
1791	7.084279e-01
1792	7.081312e-01
1793	7.077624e-01
1794	7.073214e-01
1795	7.068085e-01
1796	7.062234e-01
1797	7.055665e-01
1798	7.048376e-01
1799	7.040369e-01
1800	7.031646e-01
1801	7.022206e-01
1802	7.012051e-01
1803	7.001183e-01
1804	6.989603e-01
1805	6.977312e-01
1806	6.964312e-01
1807	6.950604e-01
1808	6.936190e-01
1809	6.921073e-01
1810	6.905253e-01
1811	6.888735e-01
1812	6.871519e-01
1813	6.853609e-01
1814	6.835006e-01
1815	6.815715e-01
1816	6.795738e-01
1817	6.775077e-01
1818	6.753737e-01
1819	6.731720e-01
1820	6.709030e-01
1821	6.685670e-01
1822	6.661643e-01
1823	6.636953e-01
1824	6.611604e-01
1825	6.585599e-01
1826	6.558942e-01
1827	6.531635e-01
1828	6.503685e-01
1829	6.475093e-01
1830	6.445864e-01
1831	6.416002e-01
1832	6.385512e-01
1833	6.354396e-01
1834	6.322660e-01
1835	6.290308e-01
1836	6.257343e-01
1837	6.223771e-01
1838	6.189595e-01
1839	6.154821e-01
1840	6.119452e-01
1841	6.083494e-01
1842	6.046950e-01
1843	6.009825e-01
1844	5.972124e-01
1845	5.933851e-01
1846	5.895012e-01
1847	5.855610e-01
1848	5.815651e-01
1849	5.775138e-01
1850	5.734077e-01
1851	5.692473e-01
1852	5.650329e-01
1853	5.607651e-01
1854	5.564443e-01
1855	5.520711e-01
1856	5.476458e-01
1857	5.431690e-01
1858	5.386412e-01
1859	5.340627e-01
1860	5.294342e-01
1861	5.247561e-01
1862	5.200290e-01
1863	5.152532e-01
1864	5.104294e-01
1865	5.055580e-01
1866	5.006395e-01
1867	4.956745e-01
1868	4.906634e-01
1869	4.856067e-01
1870	4.805050e-01
1871	4.753587e-01
1872	4.701683e-01
1873	4.649344e-01
1874	4.596574e-01
1875	4.543378e-01
1876	4.489762e-01
1877	4.435731e-01
1878	4.381290e-01
1879	4.326444e-01
1880	4.271198e-01
1881	4.215557e-01
1882	4.159528e-01
1883	4.103115e-01
1884	4.046324e-01
1885	3.989160e-01
1886	3.931629e-01
1887	3.873735e-01
1888	3.815486e-01
1889	3.756885e-01
1890	3.697939e-01
1891	3.638654e-01
1892	3.579034e-01
1893	3.519086e-01
1894	3.458814e-01
1895	3.398226e-01
1896	3.337325e-01
1897	3.276119e-01
1898	3.214612e-01
1899	3.152811e-01
1900	3.090722e-01
1901	3.028349e-01
1902	2.965699e-01
1903	2.902778e-01
1904	2.839591e-01
1905	2.776145e-01
1906	2.712446e-01
1907	2.648499e-01
1908	2.584311e-01
1909	2.519887e-01
1910	2.455235e-01
1911	2.390360e-01
1912	2.325268e-01
1913	2.259965e-01
1914	2.194459e-01
1915	2.128755e-01
1916	2.062859e-01
1917	1.996778e-01
1918	1.930518e-01
1919	1.864085e-01
1920	1.797486e-01
1921	1.730727e-01
1922	1.663814e-01
1923	1.596753e-01
1924	1.529551e-01
1925	1.462215e-01
1926	1.394750e-01
1927	1.327163e-01
1928	1.259461e-01
1929	1.191650e-01
1930	1.123736e-01
1931	1.055727e-01
1932	9.876276e-02
1933	9.194457e-02
1934	8.511874e-02
1935	7.828592e-02
1936	7.144674e-02
1937	6.460185e-02
1938	5.775189e-02
1939	5.089750e-02
1940	4.403931e-02
1941	3.717797e-02
1942	3.031410e-02
1943	2.344835e-02
1944	1.658135e-02
1945	9.713721e-03
1946	2.846111e-03
1947	-4.020851e-03
1948	-1.088653e-02
1949	-1.775029e-02
1950	-2.461151e-02
1951	-3.146954e-02
1952	-3.832376e-02
1953	-4.517353e-02
1954	-5.201822e-02
1955	-5.885720e-02
1956	-6.568984e-02
1957	-7.251548e-02
1958	-7.933352e-02
1959	-8.614329e-02
1960	-9.294417e-02
1961	-9.973550e-02
1962	-1.065167e-01
1963	-1.132870e-01
1964	-1.200458e-01
1965	-1.267925e-01
1966	-1.335265e-01
1967	-1.402470e-01
1968	-1.469533e-01
1969	-1.536450e-01
1970	-1.603212e-01
1971	-1.669813e-01
1972	-1.736246e-01
1973	-1.802505e-01
1974	-1.868583e-01
1975	-1.934473e-01
1976	-2.000168e-01
1977	-2.065661e-01
1978	-2.130945e-01
1979	-2.196013e-01
1980	-2.260858e-01
1981	-2.325473e-01
1982	-2.389851e-01
1983	-2.453984e-01
1984	-2.517865e-01
1985	-2.581488e-01
1986	-2.644843e-01
1987	-2.707925e-01
1988	-2.770726e-01
1989	-2.833239e-01
1990	-2.895455e-01
1991	-2.957368e-01
1992	-3.018970e-01
1993	-3.080254e-01
1994	-3.141212e-01
1995	-3.201836e-01
1996	-3.262120e-01
1997	-3.322054e-01
1998	-3.381633e-01
1999	-3.440847e-01
2000	-3.499690e-01
2001	-3.558154e-01
2002	-3.616231e-01
2003	-3.673913e-01
2004	-3.731193e-01
2005	-3.788062e-01
2006	-3.844514e-01
2007	-3.900540e-01
2008	-3.956133e-01
2009	-4.011285e-01
2010	-4.065988e-01
2011	-4.120235e-01
2012	-4.174018e-01
2013	-4.227329e-01
2014	-4.280161e-01
2015	-4.332507e-01
2016	-4.384358e-01
2017	-4.435709e-01
2018	-4.486550e-01
2019	-4.536876e-01
2020	-4.586678e-01
2021	-4.635950e-01
2022	-4.684684e-01
2023	-4.732874e-01
2024	-4.780512e-01
2025	-4.827591e-01
2026	-4.874105e-01
2027	-4.920047e-01
2028	-4.965409e-01
2029	-5.010186e-01
2030	-5.054371e-01
2031	-5.097957e-01
2032	-5.140939e-01
2033	-5.183309e-01
2034	-5.225062e-01
2035	-5.266191e-01
2036	-5.306692e-01
2037	-5.346559e-01
2038	-5.385785e-01
2039	-5.424366e-01
2040	-5.462296e-01
2041	-5.499571e-01
2042	-5.536184e-01
2043	-5.572133e-01
2044	-5.607410e-01
2045	-5.642013e-01
2046	-5.675937e-01
2047	-5.709177e-01
2048	-5.741729e-01
2049	-5.773589e-01
2050	-5.804753e-01
2051	-5.835218e-01
2052	-5.864980e-01
2053	-5.894034e-01
2054	-5.922379e-01
2055	-5.950010e-01
2056	-5.976924e-01
2057	-6.003119e-01
2058	-6.028591e-01
2059	-6.053338e-01
2060	-6.077358e-01
2061	-6.100647e-01
2062	-6.123204e-01
2063	-6.145026e-01
2064	-6.166112e-01
2065	-6.186459e-01
2066	-6.206067e-01
2067	-6.224932e-01
2068	-6.243055e-01
2069	-6.260433e-01
2070	-6.277065e-01
2071	-6.292950e-01
2072	-6.308087e-01
2073	-6.322474e-01
2074	-6.336111e-01
2075	-6.348997e-01
2076	-6.361132e-01
2077	-6.372513e-01
2078	-6.383142e-01
2079	-6.393018e-01
2080	-6.402141e-01
2081	-6.410510e-01
2082	-6.418127e-01
2083	-6.424991e-01
2084	-6.431104e-01
2085	-6.436465e-01
2086	-6.441075e-01
2087	-6.444936e-01
2088	-6.448049e-01
2089	-6.450413e-01
2090	-6.452032e-01
2091	-6.452905e-01
2092	-6.453034e-01
2093	-6.452420e-01
2094	-6.451065e-01
2095	-6.448970e-01
2096	-6.446138e-01
2097	-6.442570e-01
2098	-6.438267e-01
2099	-6.433233e-01
2100	-6.427470e-01
2101	-6.420980e-01
2102	-6.413766e-01
2103	-6.405831e-01
2104	-6.397178e-01
2105	-6.387810e-01
2106	-6.377730e-01
2107	-6.366941e-01
2108	-6.355448e-01
2109	-6.343253e-01
2110	-6.330360e-01
2111	-6.316773e-01
2112	-6.302495e-01
2113	-6.287530e-01
2114	-6.271882e-01
2115	-6.255556e-01
2116	-6.238554e-01
2117	-6.220882e-01
2118	-6.202543e-01
2119	-6.183542e-01
2120	-6.163883e-01
2121	-6.143571e-01
2122	-6.122611e-01
2123	-6.101008e-01
2124	-6.078765e-01
2125	-6.055889e-01
2126	-6.032384e-01
2127	-6.008256e-01
2128	-5.983509e-01
2129	-5.958149e-01
2130	-5.932180e-01
2131	-5.905609e-01
2132	-5.878441e-01
2133	-5.850680e-01
2134	-5.822332e-01
2135	-5.793402e-01
2136	-5.763897e-01
2137	-5.733820e-01
2138	-5.703177e-01
2139	-5.671974e-01
2140	-5.640217e-01
2141	-5.607909e-01
2142	-5.575057e-01
2143	-5.541667e-01
2144	-5.507744e-01
2145	-5.473293e-01
2146	-5.438320e-01
2147	-5.402831e-01
2148	-5.366831e-01
2149	-5.330327e-01
2150	-5.293324e-01
2151	-5.255828e-01
2152	-5.217846e-01
2153	-5.179382e-01
2154	-5.140444e-01
2155	-5.101037e-01
2156	-5.061167e-01
2157	-5.020840e-01
2158	-4.980063e-01
2159	-4.938841e-01
2160	-4.897182e-01
2161	-4.855090e-01
2162	-4.812573e-01
2163	-4.769637e-01
2164	-4.726288e-01
2165	-4.682533e-01
2166	-4.638377e-01
2167	-4.593829e-01
2168	-4.548894e-01
2169	-4.503579e-01
2170	-4.457891e-01
2171	-4.411836e-01
2172	-4.365422e-01
2173	-4.318655e-01
2174	-4.271542e-01
2175	-4.224090e-01
2176	-4.176305e-01
2177	-4.128195e-01
2178	-4.079766e-01
2179	-4.031025e-01
2180	-3.981980e-01
2181	-3.932636e-01
2182	-3.883000e-01
2183	-3.833080e-01
2184	-3.782881e-01
2185	-3.732411e-01
2186	-3.681675e-01
2187	-3.630682e-01
2188	-3.579437e-01
2189	-3.527946e-01
2190	-3.476216e-01
2191	-3.424255e-01
2192	-3.372067e-01
2193	-3.319661e-01
2194	-3.267042e-01
2195	-3.214216e-01
2196	-3.161191e-01
2197	-3.107973e-01
2198	-3.054568e-01
2199	-3.000982e-01
2200	-2.947221e-01
2201	-2.893293e-01
2202	-2.839203e-01
2203	-2.784956e-01
2204	-2.730560e-01
2205	-2.676020e-01
2206	-2.621343e-01
2207	-2.566533e-01
2208	-2.511597e-01
2209	-2.456540e-01
2210	-2.401370e-01
2211	-2.346090e-01
2212	-2.290707e-01
2213	-2.235226e-01
2214	-2.179654e-01
2215	-2.123996e-01
2216	-2.068257e-01
2217	-2.012442e-01
2218	-1.956559e-01
2219	-1.900611e-01
2220	-1.844604e-01
2221	-1.788544e-01
2222	-1.732437e-01
2223	-1.676287e-01
2224	-1.620100e-01
2225	-1.563881e-01
2226	-1.507635e-01
2227	-1.451367e-01
2228	-1.395084e-01
2229	-1.338789e-01
2230	-1.282487e-01
2231	-1.226185e-01
2232	-1.169886e-01
2233	-1.113596e-01
2234	-1.057319e-01
2235	-1.001062e-01
2236	-9.448270e-02
2237	-8.886207e-02
2238	-8.324475e-02
2239	-7.763122e-02
2240	-7.202196e-02
2241	-6.641745e-02
2242	-6.081816e-02
2243	-5.522458e-02
2244	-4.963716e-02
2245	-4.405639e-02
2246	-3.848272e-02
2247	-3.291663e-02
2248	-2.735857e-02
2249	-2.180902e-02
2250	-1.626844e-02
2251	-1.073728e-02
2252	-5.216021e-03
2253	2.948814e-04
2254	5.794963e-03
2255	1.128376e-02
2256	1.676080e-02
2257	2.222563e-02
2258	2.767778e-02
2259	3.311678e-02
2260	3.854217e-02
2261	4.395347e-02
2262	4.935022e-02
2263	5.473194e-02
2264	6.009816e-02
2265	6.544841e-02
2266	7.078221e-02
2267	7.609907e-02
2268	8.139851e-02
2269	8.668004e-02
2270	9.194318e-02
2271	9.718744e-02
2272	1.024123e-01
2273	1.076173e-01
2274	1.128020e-01
2275	1.179657e-01
2276	1.231082e-01
2277	1.282288e-01
2278	1.333270e-01
2279	1.384024e-01
2280	1.434545e-01
2281	1.484828e-01
2282	1.534867e-01
2283	1.584659e-01
2284	1.634197e-01
2285	1.683478e-01
2286	1.732496e-01
2287	1.781245e-01
2288	1.829722e-01
2289	1.877921e-01
2290	1.925837e-01
2291	1.973465e-01
2292	2.020801e-01
2293	2.067839e-01
2294	2.114575e-01
2295	2.161004e-01
2296	2.207121e-01
2297	2.252922e-01
2298	2.298401e-01
2299	2.343554e-01
2300	2.388376e-01
2301	2.432862e-01
2302	2.477009e-01
2303	2.520812e-01
2304	2.564265e-01
2305	2.607364e-01
2306	2.650105e-01
2307	2.692484e-01
2308	2.734496e-01
2309	2.776136e-01
2310	2.817401e-01
2311	2.858286e-01
2312	2.898787e-01
2313	2.938899e-01
2314	2.978619e-01
2315	3.017942e-01
2316	3.056864e-01
2317	3.095382e-01
2318	3.133491e-01
2319	3.171187e-01
2320	3.208467e-01
2321	3.245326e-01
2322	3.281761e-01
2323	3.317768e-01
2324	3.353344e-01
2325	3.388485e-01
2326	3.423187e-01
2327	3.457447e-01
2328	3.491262e-01
2329	3.524628e-01
2330	3.557542e-01
2331	3.590002e-01
2332	3.622003e-01
2333	3.653544e-01
2334	3.684621e-01
2335	3.715231e-01
2336	3.745373e-01
2337	3.775043e-01
2338	3.804239e-01
2339	3.832960e-01
2340	3.861202e-01
2341	3.888963e-01
2342	3.916243e-01
2343	3.943037e-01
2344	3.969346e-01
2345	3.995167e-01
2346	4.020497e-01
2347	4.045336e-01
2348	4.069681e-01
2349	4.093530e-01
2350	4.116882e-01
2351	4.139734e-01
2352	4.162086e-01
2353	4.183935e-01
2354	4.205281e-01
2355	4.226120e-01
2356	4.246452e-01
2357	4.266276e-01
2358	4.285590e-01
2359	4.304394e-01
2360	4.322685e-01
2361	4.340464e-01
2362	4.357729e-01
2363	4.374479e-01
2364	4.390713e-01
2365	4.406432e-01
2366	4.421633e-01
2367	4.436317e-01
2368	4.450483e-01
2369	4.464130e-01
2370	4.477258e-01
2371	4.489866e-01
2372	4.501954e-01
2373	4.513522e-01
2374	4.524570e-01
2375	4.535097e-01
2376	4.545103e-01
2377	4.554588e-01
2378	4.563552e-01
2379	4.571995e-01
2380	4.579917e-01
2381	4.587318e-01
2382	4.594197e-01
2383	4.600553e-01
2384	4.606388e-01
2385	4.611699e-01
2386	4.616488e-01
2387	4.620753e-01
2388	4.624494e-01
2389	4.627710e-01
2390	4.630402e-01
2391	4.632569e-01
2392	4.634210e-01
2393	4.635328e-01
2394	4.635920e-01
2395	4.635989e-01
2396	4.635535e-01
2397	4.634559e-01
2398	4.633062e-01
2399	4.631046e-01
2400	4.628512e-01
2401	4.625462e-01
2402	4.621899e-01
2403	4.617824e-01
2404	4.613241e-01
2405	4.608151e-01
2406	4.602558e-01
2407	4.596464e-01
2408	4.589874e-01
2409	4.582790e-01
2410	4.575216e-01
2411	4.567156e-01
2412	4.558613e-01
2413	4.549592e-01
2414	4.540096e-01
2415	4.530131e-01
2416	4.519699e-01
2417	4.508805e-01
2418	4.497452e-01
2419	4.485645e-01
2420	4.473386e-01
2421	4.460680e-01
2422	4.447528e-01
2423	4.433934e-01
2424	4.419900e-01
2425	4.405429e-01
2426	4.390523e-01
2427	4.375183e-01
2428	4.359411e-01
2429	4.343209e-01
2430	4.326579e-01
2431	4.309524e-01
2432	4.292044e-01
2433	4.274142e-01
2434	4.255820e-01
2435	4.237081e-01
2436	4.217928e-01
2437	4.198364e-01
2438	4.178392e-01
2439	4.158016e-01
2440	4.137239e-01
2441	4.116065e-01
2442	4.094500e-01
2443	4.072547e-01
2444	4.050211e-01
2445	4.027498e-01
2446	4.004413e-01
2447	3.980961e-01
2448	3.957149e-01
2449	3.932982e-01
2450	3.908466e-01
2451	3.883609e-01
2452	3.858415e-01
2453	3.832892e-01
2454	3.807046e-01
2455	3.780883e-01
2456	3.754410e-01
2457	3.727633e-01
2458	3.700558e-01
2459	3.673192e-01
2460	3.645541e-01
2461	3.617611e-01
2462	3.589409e-01
2463	3.560940e-01
2464	3.532210e-01
2465	3.503226e-01
2466	3.473994e-01
2467	3.444518e-01
2468	3.414803e-01
2469	3.384855e-01
2470	3.354677e-01
2471	3.324271e-01
2472	3.293642e-01
2473	3.262791e-01
2474	3.231720e-01
2475	3.200428e-01
2476	3.168916e-01
2477	3.137185e-01
2478	3.105234e-01
2479	3.073062e-01
2480	3.040670e-01
2481	3.008056e-01
2482	2.975222e-01
2483	2.942168e-01
2484	2.908893e-01
2485	2.875399e-01
2486	2.841686e-01
2487	2.807755e-01
2488	2.773605e-01
2489	2.739236e-01
2490	2.704648e-01
2491	2.669838e-01
2492	2.634805e-01
2493	2.599547e-01
2494	2.564060e-01
2495	2.528342e-01
2496	2.492390e-01
2497	2.456203e-01
2498	2.419781e-01
2499	2.383127e-01
2500	2.346246e-01
2501	2.309149e-01
2502	2.271848e-01
2503	2.234361e-01
2504	2.196711e-01
2505	2.158921e-01
2506	2.121018e-01
2507	2.083029e-01
2508	2.044979e-01
2509	2.006893e-01
2510	1.968791e-01
2511	1.930690e-01
2512	1.892605e-01
2513	1.854544e-01
2514	1.816513e-01
2515	1.778515e-01
2516	1.740548e-01
2517	1.702612e-01
2518	1.664703e-01
2519	1.626819e-01
2520	1.588959e-01
2521	1.551125e-01
2522	1.513321e-01
2523	1.475557e-01
2524	1.437847e-01
2525	1.400207e-01
2526	1.362655e-01
2527	1.325210e-01
2528	1.287886e-01
2529	1.250696e-01
2530	1.213644e-01
2531	1.176732e-01
2532	1.139953e-01
2533	1.103300e-01
2534	1.066761e-01
2535	1.030324e-01
2536	9.939797e-02
2537	9.577211e-02
2538	9.215459e-02
2539	8.854568e-02
2540	8.494613e-02
2541	8.135712e-02
2542	7.778016e-02
2543	7.421685e-02
2544	7.066876e-02
2545	6.713720e-02
2546	6.362310e-02
2547	6.012691e-02
2548	5.664859e-02
2549	5.318766e-02
2550	4.974338e-02
2551	4.631485e-02
2552	4.290128e-02
2553	3.950208e-02
2554	3.611706e-02
2555	3.274643e-02
2556	2.939087e-02
2557	2.605139e-02
2558	2.272926e-02
2559	1.942582e-02
2560	1.614229e-02
2561	1.287960e-02
2562	9.638287e-03
2563	6.418417e-03
2564	3.219668e-03
2565	4.144868e-05
2566	-3.116901e-03
2567	-6.255893e-03
2568	-9.375700e-03
2569	-1.247603e-02
2570	-1.555610e-02
2571	-1.861470e-02
2572	-2.165031e-02
2573	-2.466127e-02
2574	-2.764597e-02
2575	-3.060296e-02
2576	-3.353098e-02
2577	-3.642908e-02
2578	-3.929656e-02
2579	-4.213297e-02
2580	-4.493818e-02
2581	-4.771235e-02
2582	-5.045595e-02
2583	-5.316977e-02
2584	-5.585476e-02
2585	-5.851195e-02
2586	-6.114220e-02
2587	-6.374600e-02
2588	-6.632331e-02
2589	-6.887348e-02
2590	-7.139532e-02
2591	-7.388726e-02
2592	-7.634765e-02
2593	-7.877502e-02
2594	-8.116835e-02
2595	-8.352723e-02
2596	-8.585183e-02
2597	-8.814285e-02
2598	-9.040128e-02
2599	-9.262819e-02
2600	-9.482449e-02
2601	-9.699076e-02
2602	-9.912716e-02
2603	-1.012334e-01
2604	-1.033087e-01
2605	-1.053521e-01
2606	-1.073622e-01
2607	-1.093378e-01
2608	-1.112776e-01
2609	-1.131804e-01
2610	-1.150456e-01
2611	-1.168727e-01
2612	-1.186622e-01
2613	-1.204146e-01
2614	-1.221310e-01
2615	-1.238125e-01
2616	-1.254600e-01
2617	-1.270743e-01
2618	-1.286555e-01
2619	-1.302030e-01
2620	-1.317160e-01
2621	-1.331929e-01
2622	-1.346322e-01
2623	-1.360323e-01
2624	-1.373919e-01
2625	-1.387099e-01
2626	-1.399859e-01
2627	-1.412196e-01
2628	-1.424117e-01
2629	-1.435629e-01
2630	-1.446744e-01
2631	-1.457475e-01
2632	-1.467834e-01
2633	-1.477832e-01
2634	-1.487471e-01
2635	-1.496752e-01
2636	-1.505667e-01
2637	-1.514204e-01
2638	-1.522348e-01
2639	-1.530085e-01
2640	-1.537404e-01
2641	-1.544297e-01
2642	-1.550766e-01
2643	-1.556814e-01
2644	-1.562453e-01
2645	-1.567696e-01
2646	-1.572561e-01
2647	-1.577064e-01
2648	-1.581221e-01
2649	-1.585045e-01
2650	-1.588544e-01
2651	-1.591722e-01
2652	-1.594575e-01
2653	-1.597097e-01
2654	-1.599277e-01
2655	-1.601104e-01
2656	-1.602570e-01
2657	-1.603669e-01
2658	-1.604401e-01
2659	-1.604773e-01
2660	-1.604795e-01
2661	-1.604481e-01
2662	-1.603845e-01
2663	-1.602902e-01
2664	-1.601665e-01
2665	-1.600143e-01
2666	-1.598340e-01
2667	-1.596254e-01
2668	-1.593880e-01
2669	-1.591205e-01
2670	-1.588214e-01
2671	-1.584891e-01
2672	-1.581223e-01
2673	-1.577202e-01
2674	-1.572824e-01
2675	-1.568092e-01
2676	-1.563018e-01
2677	-1.557616e-01
2678	-1.551902e-01
2679	-1.545894e-01
2680	-1.539610e-01
2681	-1.533062e-01
2682	-1.526262e-01
2683	-1.519215e-01
2684	-1.511923e-01
2685	-1.504384e-01
2686	-1.496591e-01
2687	-1.488537e-01
2688	-1.480214e-01
2689	-1.471621e-01
2690	-1.462756e-01
2691	-1.453625e-01
2692	-1.444240e-01
2693	-1.434614e-01
2694	-1.424762e-01
2695	-1.414701e-01
2696	-1.404443e-01
2697	-1.393999e-01
2698	-1.383377e-01
2699	-1.372578e-01
2700	-1.361604e-01
2701	-1.350450e-01
2702	-1.339111e-01
2703	-1.327582e-01
2704	-1.315857e-01
2705	-1.303933e-01
2706	-1.291813e-01
2707	-1.279501e-01
2708	-1.267008e-01
2709	-1.254346e-01
2710	-1.241529e-01
2711	-1.228570e-01
2712	-1.215480e-01
2713	-1.202266e-01
2714	-1.188931e-01
2715	-1.175476e-01
2716	-1.161895e-01
2717	-1.148184e-01
2718	-1.134333e-01
2719	-1.120334e-01
2720	-1.106181e-01
2721	-1.091871e-01
2722	-1.077402e-01
2723	-1.062782e-01
2724	-1.048020e-01
2725	-1.033130e-01
2726	-1.018127e-01
2727	-1.003025e-01
2728	-9.878375e-02
2729	-9.725735e-02
2730	-9.572384e-02
2731	-9.418338e-02
2732	-9.263587e-02
2733	-9.108103e-02
2734	-8.951855e-02
2735	-8.794819e-02
2736	-8.636990e-02
2737	-8.478389e-02
2738	-8.319064e-02
2739	-8.159088e-02
2740	-7.998561e-02
2741	-7.837596e-02
2742	-7.676318e-02
2743	-7.514857e-02
2744	-7.353344e-02
2745	-7.191909e-02
2746	-7.030680e-02
2747	-6.869779e-02
2748	-6.709321e-02
2749	-6.549406e-02
2750	-6.390123e-02
2751	-6.231542e-02
2752	-6.073728e-02
2753	-5.916736e-02
2754	-5.760626e-02
2755	-5.605465e-02
2756	-5.451323e-02
2757	-5.298271e-02
2758	-5.146370e-02
2759	-4.995658e-02
2760	-4.846147e-02
2761	-4.697813e-02
2762	-4.550599e-02
2763	-4.404420e-02
2764	-4.259178e-02
2765	-4.114761e-02
2766	-3.971065e-02
2767	-3.827996e-02
2768	-3.685479e-02
2769	-3.543470e-02
2770	-3.401956e-02
2771	-3.260960e-02
2772	-3.120533e-02
2773	-2.980750e-02
2774	-2.841694e-02
2775	-2.703441e-02
2776	-2.566046e-02
2777	-2.429530e-02
2778	-2.293882e-02
2779	-2.159057e-02
2780	-2.024998e-02
2781	-1.891644e-02
2782	-1.758958e-02
2783	-1.626934e-02
2784	-1.495610e-02
2785	-1.365068e-02
2786	-1.235426e-02
2787	-1.106829e-02
2788	-9.794378e-03
2789	-8.534129e-03
2790	-7.289097e-03
2791	-6.060694e-03
2792	-4.850146e-03
2793	-3.658453e-03
2794	-2.486341e-03
2795	-1.334230e-03
2796	-2.022127e-04
2797	9.099360e-04
2798	2.002701e-03
2799	3.076736e-03
2800	4.132739e-03
2801	5.171328e-03
2802	6.192939e-03
2803	7.197750e-03
2804	8.185667e-03
2805	9.156340e-03
2806	1.010922e-02
2807	1.104364e-02
2808	1.195885e-02
2809	1.285416e-02
2810	1.372890e-02
2811	1.458256e-02
2812	1.541472e-02
2813	1.622519e-02
2814	1.701388e-02
2815	1.778088e-02
2816	1.852640e-02
2817	1.925072e-02
2818	1.995419e-02
2819	2.063717e-02
2820	2.130007e-02
2821	2.194327e-02
2822	2.256712e-02
2823	2.317194e-02
2824	2.375798e-02
2825	2.432545e-02
2826	2.487453e-02
2827	2.540543e-02
2828	2.591842e-02
2829	2.641388e-02
2830	2.689228e-02
2831	2.735414e-02
2832	2.779998e-02
2833	2.823027e-02
2834	2.864538e-02
2835	2.904561e-02
2836	2.943124e-02
2837	2.980261e-02
2838	3.016024e-02
2839	3.050482e-02
2840	3.083724e-02
2841	3.115845e-02
2842	3.146938e-02
2843	3.177076e-02
2844	3.206303e-02
2845	3.234627e-02
2846	3.262024e-02
2847	3.288438e-02
2848	3.313798e-02
2849	3.338022e-02
2850	3.361029e-02
2851	3.382747e-02
2852	3.403119e-02
2853	3.422113e-02
2854	3.439727e-02
2855	3.455990e-02
2856	3.470957e-02
2857	3.484704e-02
2858	3.497306e-02
2859	3.508820e-02
2860	3.519259e-02
2861	3.528579e-02
2862	3.536675e-02
2863	3.543391e-02
2864	3.548529e-02
2865	3.551878e-02
2866	3.553235e-02
2867	3.552414e-02
2868	3.549264e-02
2869	3.543666e-02
2870	3.535537e-02
2871	3.524824e-02
2872	3.511511e-02
2873	3.495612e-02
2874	3.477174e-02
2875	3.456266e-02
2876	3.432963e-02
2877	3.407334e-02
2878	3.379415e-02
2879	3.349205e-02
2880	3.316657e-02
2881	3.281689e-02
2882	3.244198e-02
2883	3.204082e-02
2884	3.161259e-02
2885	3.115677e-02
2886	3.067329e-02
2887	3.016249e-02
2888	2.962513e-02
2889	2.906236e-02
2890	2.847562e-02
2891	2.786656e-02
2892	2.723682e-02
2893	2.658791e-02
2894	2.592093e-02
2895	2.523652e-02
2896	2.453471e-02
2897	2.381506e-02
2898	2.307675e-02
2899	2.231884e-02
2900	2.154035e-02
2901	2.074047e-02
2902	1.991849e-02
2903	1.907379e-02
2904	1.820578e-02
2905	1.731384e-02
2906	1.639739e-02
2907	1.545596e-02
2908	1.448931e-02
2909	1.349754e-02
2910	1.248107e-02
2911	1.144059e-02
2912	1.037694e-02
2913	9.290892e-03
2914	8.183121e-03
2915	7.054070e-03
2916	5.903985e-03
2917	4.732967e-03
2918	3.541049e-03
2919	2.328288e-03
2920	1.094833e-03
2921	-1.590142e-04
2922	-1.432758e-03
2923	-2.725690e-03
2924	-4.036903e-03
2925	-5.365333e-03
2926	-6.709857e-03
2927	-8.069408e-03
2928	-9.443102e-03
2929	-1.083035e-02
2930	-1.223091e-02
2931	-1.364490e-02
2932	-1.507276e-02
2933	-1.651511e-02
2934	-1.797271e-02
2935	-1.944629e-02
2936	-2.093642e-02
2937	-2.244343e-02
2938	-2.396722e-02
2939	-2.550723e-02
2940	-2.706236e-02
2941	-2.863094e-02
2942	-3.021086e-02
2943	-3.179967e-02
2944	-3.339475e-02
2945	-3.499353e-02
2946	-3.659361e-02
2947	-3.819292e-02
2948	-3.978979e-02
2949	-4.138302e-02
2950	-4.297191e-02
2951	-4.455629e-02
2952	-4.613647e-02
2953	-4.771323e-02
2954	-4.928775e-02
2955	-5.086144e-02
2956	-5.243583e-02
2957	-5.401242e-02
2958	-5.559254e-02
2959	-5.717726e-02
2960	-5.876735e-02
2961	-6.036325e-02
2962	-6.196507e-02
2963	-6.357261e-02
2964	-6.518541e-02
2965	-6.680275e-02
2966	-6.842377e-02
2967	-7.004754e-02
2968	-7.167311e-02
2969	-7.329967e-02
2970	-7.492651e-02
2971	-7.655308e-02
2972	-7.817893e-02
2973	-7.980366e-02
2974	-8.142691e-02
2975	-8.304823e-02
2976	-8.466710e-02
2977	-8.628287e-02
2978	-8.789478e-02
2979	-8.950195e-02
2980	-9.110342e-02
2981	-9.269821e-02
2982	-9.428544e-02
2983	-9.586435e-02
2984	-9.743443e-02
2985	-9.899539e-02
2986	-1.005471e-01
2987	-1.020896e-01
2988	-1.036227e-01
2989	-1.051463e-01
2990	-1.066597e-01
2991	-1.081621e-01
2992	-1.096526e-01
2993	-1.111299e-01
2994	-1.125930e-01
2995	-1.140410e-01
2996	-1.154732e-01
2997	-1.168893e-01
2998	-1.182894e-01
2999	-1.196739e-01
3000	-1.210435e-01
