0	0.000000e+00
1	-1.089008e-07
2	-5.048701e-07
3	-1.366015e-06
4	-2.870346e-06
5	-5.195739e-06
6	-8.519905e-06
7	-1.302035e-05
8	-1.887433e-05
9	-2.625884e-05
10	-3.535055e-05
11	-4.632579e-05
12	-5.936049e-05
13	-7.463017e-05
14	-9.230990e-05
15	-1.125742e-04
16	-1.355972e-04
17	-1.615523e-04
18	-1.906124e-04
19	-2.229497e-04
20	-2.587358e-04
21	-2.981414e-04
22	-3.413368e-04
23	-3.884912e-04
24	-4.397731e-04
25	-4.953501e-04
26	-5.553890e-04
27	-6.200556e-04
28	-6.895147e-04
29	-7.639302e-04
30	-8.434649e-04
31	-9.282806e-04
32	-1.018538e-03
33	-1.114396e-03
34	-1.216013e-03
35	-1.323547e-03
36	-1.437153e-03
37	-1.556986e-03
38	-1.683199e-03
39	-1.815943e-03
40	-1.955370e-03
41	-2.101627e-03
42	-2.254863e-03
43	-2.415223e-03
44	-2.582852e-03
45	-2.757893e-03
46	-2.940487e-03
47	-3.130773e-03
48	-3.328890e-03
49	-3.534975e-03
50	-3.749162e-03
51	-3.971584e-03
52	-4.202375e-03
53	-4.441665e-03
54	-4.689582e-03
55	-4.946254e-03
56	-5.211807e-03
57	-5.486364e-03
58	-5.770047e-03
59	-6.062975e-03
60	-6.365264e-03
61	-6.677026e-03
62	-6.998372e-03
63	-7.329405e-03
64	-7.670224e-03
65	-8.020925e-03
66	-8.381597e-03
67	-8.752323e-03
68	-9.133181e-03
69	-9.524245e-03
70	-9.925586e-03
71	-1.033727e-02
72	-1.075937e-02
73	-1.119194e-02
74	-1.163505e-02
75	-1.208878e-02
76	-1.255321e-02
77	-1.302841e-02
78	-1.351448e-02
79	-1.401151e-02
80	-1.451962e-02
81	-1.503890e-02
82	-1.556948e-02
83	-1.611147e-02
84	-1.666498e-02
85	-1.723012e-02
86	-1.780700e-02
87	-1.839571e-02
88	-1.899633e-02
89	-1.960892e-02
90	-2.023355e-02
91	-2.087025e-02
92	-2.151904e-02
93	-2.217993e-02
94	-2.285294e-02
95	-2.353807e-02
96	-2.423530e-02
97	-2.494463e-02
98	-2.566606e-02
99	-2.639958e-02
100	-2.714520e-02
101	-2.790292e-02
102	-2.867274e-02
103	-2.945467e-02
104	-3.024871e-02
105	-3.105486e-02
106	-3.187311e-02
107	-3.270342e-02
108	-3.354578e-02
109	-3.440013e-02
110	-3.526643e-02
111	-3.614461e-02
112	-3.703459e-02
113	-3.793630e-02
114	-3.884966e-02
115	-3.977460e-02
116	-4.071103e-02
117	-4.165889e-02
118	-4.261812e-02
119	-4.358864e-02
120	-4.457039e-02
121	-4.556332e-02
122	-4.656735e-02
123	-4.758243e-02
124	-4.860848e-02
125	-4.964540e-02
126	-5.069311e-02
127	-5.175151e-02
128	-5.282048e-02
129	-5.389992e-02
130	-5.498968e-02
131	-5.608967e-02
132	-5.719975e-02
133	-5.831980e-02
134	-5.944972e-02
135	-6.058938e-02
136	-6.173869e-02
137	-6.289755e-02
138	-6.406584e-02
139	-6.524348e-02
140	-6.643034e-02
141	-6.762633e-02
142	-6.883132e-02
143	-7.004518e-02
144	-7.126778e-02
145	-7.249899e-02
146	-7.373865e-02
147	-7.498662e-02
148	-7.624275e-02
149	-7.750690e-02
150	-7.877891e-02
151	-8.005865e-02
152	-8.134598e-02
153	-8.264076e-02
154	-8.394284e-02
155	-8.525209e-02
156	-8.656836e-02
157	-8.789149e-02
158	-8.922132e-02
159	-9.055767e-02
160	-9.190037e-02
161	-9.324923e-02
162	-9.460405e-02
163	-9.596465e-02
164	-9.733084e-02
165	-9.870244e-02
166	-1.000793e-01
167	-1.014612e-01
168	-1.028480e-01
169	-1.042396e-01
170	-1.056358e-01
171	-1.070366e-01
172	-1.084418e-01
173	-1.098512e-01
174	-1.112648e-01
175	-1.126824e-01
176	-1.141039e-01
177	-1.155292e-01
178	-1.169580e-01
179	-1.183902e-01
180	-1.198256e-01
181	-1.212640e-01
182	-1.227053e-01
183	-1.241492e-01
184	-1.255956e-01
185	-1.270441e-01
186	-1.284947e-01
187	-1.299470e-01
188	-1.314010e-01
189	-1.328563e-01
190	-1.343128e-01
191	-1.357703e-01
192	-1.372285e-01
193	-1.386872e-01
194	-1.401463e-01
195	-1.416054e-01
196	-1.430644e-01
197	-1.445231e-01
198	-1.459813e-01
199	-1.474387e-01
200	-1.488952e-01
201	-1.503505e-01
202	-1.518045e-01
203	-1.532568e-01
204	-1.547075e-01
205	-1.561561e-01
206	-1.576024e-01
207	-1.590463e-01
208	-1.604876e-01
209	-1.619259e-01
210	-1.633611e-01
211	-1.647929e-01
212	-1.662211e-01
213	-1.676456e-01
214	-1.690661e-01
215	-1.704824e-01
216	-1.718943e-01
217	-1.733017e-01
218	-1.747044e-01
219	-1.761022e-01
220	-1.774949e-01
221	-1.788823e-01
222	-1.802643e-01
223	-1.816405e-01
224	-1.830109e-01
225	-1.843751e-01
226	-1.857330e-01
227	-1.870844e-01
228	-1.884290e-01
229	-1.897666e-01
230	-1.910970e-01
231	-1.924200e-01
232	-1.937355e-01
233	-1.950433e-01
234	-1.963432e-01
235	-1.976350e-01
236	-1.989186e-01
237	-2.001937e-01
238	-2.014602e-01
239	-2.027179e-01
240	-2.039666e-01
241	-2.052061e-01
242	-2.064361e-01
243	-2.076564e-01
244	-2.088668e-01
245	-2.100672e-01
246	-2.112571e-01
247	-2.124366e-01
248	-2.136053e-01
249	-2.147630e-01
250	-2.159097e-01
251	-2.170451e-01
252	-2.181690e-01
253	-2.192812e-01
254	-2.203816e-01
255	-2.214699e-01
256	-2.225459e-01
257	-2.236095e-01
258	-2.246603e-01
259	-2.256982e-01
260	-2.267228e-01
261	-2.277341e-01
262	-2.287317e-01
263	-2.297154e-01
264	-2.306850e-01
265	-2.316404e-01
266	-2.325812e-01
267	-2.335074e-01
268	-2.344187e-01
269	-2.353149e-01
270	-2.361958e-01
271	-2.370612e-01
272	-2.379109e-01
273	-2.387447e-01
274	-2.395623e-01
275	-2.403636e-01
276	-2.411482e-01
277	-2.419159e-01
278	-2.426666e-01
279	-2.434000e-01
280	-2.441158e-01
281	-2.448139e-01
282	-2.454940e-01
283	-2.461560e-01
284	-2.467997e-01
285	-2.474249e-01
286	-2.480313e-01
287	-2.486188e-01
288	-2.491871e-01
289	-2.497361e-01
290	-2.502656e-01
291	-2.507753e-01
292	-2.512649e-01
293	-2.517344e-01
294	-2.521835e-01
295	-2.526119e-01
296	-2.530194e-01
297	-2.534060e-01
298	-2.537713e-01
299	-2.541153e-01
300	-2.544376e-01
301	-2.547383e-01
302	-2.550169e-01
303	-2.552735e-01
304	-2.555078e-01
305	-2.557195e-01
306	-2.559087e-01
307	-2.560750e-01
308	-2.562182e-01
309	-2.563382e-01
310	-2.564349e-01
311	-2.565080e-01
312	-2.565573e-01
313	-2.565827e-01
314	-2.565841e-01
315	-2.565613e-01
316	-2.565141e-01
317	-2.564425e-01
318	-2.563461e-01
319	-2.562250e-01
320	-2.560790e-01
321	-2.559079e-01
322	-2.557116e-01
323	-2.554900e-01
324	-2.552429e-01
325	-2.549702e-01
326	-2.546717e-01
327	-2.543474e-01
328	-2.539970e-01
329	-2.536206e-01
330	-2.532179e-01
331	-2.527890e-01
332	-2.523336e-01
333	-2.518517e-01
334	-2.513432e-01
335	-2.508079e-01
336	-2.502459e-01
337	-2.496570e-01
338	-2.490412e-01
339	-2.483983e-01
340	-2.477282e-01
341	-2.470310e-01
342	-2.463065e-01
343	-2.455546e-01
344	-2.447753e-01
345	-2.439686e-01
346	-2.431344e-01
347	-2.422726e-01
348	-2.413832e-01
349	-2.404662e-01
350	-2.395214e-01
351	-2.385490e-01
352	-2.375488e-01
353	-2.365209e-01
354	-2.354651e-01
355	-2.343816e-01
356	-2.332702e-01
357	-2.321311e-01
358	-2.309641e-01
359	-2.297692e-01
360	-2.285466e-01
361	-2.272961e-01
362	-2.260178e-01
363	-2.247117e-01
364	-2.233779e-01
365	-2.220163e-01
366	-2.206270e-01
367	-2.192100e-01
368	-2.177654e-01
369	-2.162931e-01
370	-2.147933e-01
371	-2.132660e-01
372	-2.117112e-01
373	-2.101291e-01
374	-2.085196e-01
375	-2.068829e-01
376	-2.052190e-01
377	-2.035279e-01
378	-2.018099e-01
379	-2.000649e-01
380	-1.982930e-01
381	-1.964943e-01
382	-1.946689e-01
383	-1.928170e-01
384	-1.909386e-01
385	-1.890338e-01
386	-1.871027e-01
387	-1.851455e-01
388	-1.831624e-01
389	-1.811533e-01
390	-1.791186e-01
391	-1.770582e-01
392	-1.749723e-01
393	-1.728612e-01
394	-1.707248e-01
395	-1.685634e-01
396	-1.663772e-01
397	-1.641662e-01
398	-1.619306e-01
399	-1.596706e-01
400	-1.573863e-01
401	-1.550779e-01
402	-1.527457e-01
403	-1.503897e-01
404	-1.480102e-01
405	-1.456073e-01
406	-1.431813e-01
407	-1.407323e-01
408	-1.382606e-01
409	-1.357663e-01
410	-1.332496e-01
411	-1.307108e-01
412	-1.281500e-01
413	-1.255675e-01
414	-1.229635e-01
415	-1.203381e-01
416	-1.176917e-01
417	-1.150245e-01
418	-1.123366e-01
419	-1.096283e-01
420	-1.069000e-01
421	-1.041517e-01
422	-1.013839e-01
423	-9.859666e-02
424	-9.579030e-02
425	-9.296506e-02
426	-9.012119e-02
427	-8.725893e-02
428	-8.437855e-02
429	-8.148029e-02
430	-7.856442e-02
431	-7.563121e-02
432	-7.268093e-02
433	-6.971386e-02
434	-6.673028e-02
435	-6.373048e-02
436	-6.071476e-02
437	-5.768339e-02
438	-5.463668e-02
439	-5.157490e-02
440	-4.849836e-02
441	-4.540733e-02
442	-4.230210e-02
443	-3.918296e-02
444	-3.605020e-02
445	-3.290410e-02
446	-2.974498e-02
447	-2.657313e-02
448	-2.338885e-02
449	-2.019247e-02
450	-1.698429e-02
451	-1.376463e-02
452	-1.053382e-02
453	-7.292178e-03
454	-4.040018e-03
455	-7.776593e-04
456	2.494584e-03
457	5.776399e-03
458	9.067474e-03
459	1.236750e-02
460	1.567615e-02
461	1.899312e-02
462	2.231808e-02
463	2.565071e-02
464	2.899068e-02
465	3.233764e-02
466	3.569128e-02
467	3.905123e-02
468	4.241718e-02
469	4.578877e-02
470	4.916568e-02
471	5.254757e-02
472	5.593412e-02
473	5.932499e-02
474	6.271986e-02
475	6.611840e-02
476	6.952027e-02
477	7.292516e-02
478	7.633271e-02
479	7.974258e-02
480	8.315442e-02
481	8.656790e-02
482	8.998265e-02
483	9.339832e-02
484	9.681457e-02
485	1.002311e-01
486	1.036474e-01
487	1.070634e-01
488	1.104785e-01
489	1.138926e-01
490	1.173052e-01
491	1.207160e-01
492	1.241247e-01
493	1.275310e-01
494	1.309346e-01
495	1.343350e-01
496	1.377319e-01
497	1.411251e-01
498	1.445141e-01
499	1.478985e-01
500	1.512781e-01
501	1.546525e-01
502	1.580213e-01
503	1.613843e-01
504	1.647411e-01
505	1.680913e-01
506	1.714346e-01
507	1.747708e-01
508	1.780994e-01
509	1.814202e-01
510	1.847327e-01
511	1.880367e-01
512	1.913319e-01
513	1.946177e-01
514	1.978940e-01
515	2.011604e-01
516	2.044166e-01
517	2.076621e-01
518	2.108967e-01
519	2.141200e-01
520	2.173318e-01
521	2.205316e-01
522	2.237193e-01
523	2.268944e-01
524	2.300567e-01
525	2.332058e-01
526	2.363414e-01
527	2.394632e-01
528	2.425707e-01
529	2.456638e-01
530	2.487420e-01
531	2.518051e-01
532	2.548526e-01
533	2.578843e-01
534	2.608999e-01
535	2.638991e-01
536	2.668814e-01
537	2.698468e-01
538	2.727947e-01
539	2.757250e-01
540	2.786373e-01
541	2.815314e-01
542	2.844068e-01
543	2.872633e-01
544	2.901006e-01
545	2.929182e-01
546	2.957161e-01
547	2.984937e-01
548	3.012508e-01
549	3.039871e-01
550	3.067023e-01
551	3.093961e-01
552	3.120682e-01
553	3.147183e-01
554	3.173461e-01
555	3.199514e-01
556	3.225338e-01
557	3.250931e-01
558	3.276289e-01
559	3.301409e-01
560	3.326290e-01
561	3.350926e-01
562	3.375316e-01
563	3.399457e-01
564	3.423345e-01
565	3.446979e-01
566	3.470354e-01
567	3.493469e-01
568	3.516321e-01
569	3.538907e-01
570	3.561224e-01
571	3.583271e-01
572	3.605043e-01
573	3.626539e-01
574	3.647755e-01
575	3.668689e-01
576	3.689338e-01
577	3.709700e-01
578	3.729772e-01
579	3.749551e-01
580	3.769034e-01
581	3.788220e-01
582	3.807105e-01
583	3.825687e-01
584	3.843965e-01
585	3.861935e-01
586	3.879596e-01
587	3.896944e-01
588	3.913978e-01
589	3.930695e-01
590	3.947093e-01
591	3.963168e-01
592	3.978920e-01
593	3.994345e-01
594	4.009442e-01
595	4.024208e-01
596	4.038640e-01
597	4.052737e-01
598	4.066498e-01
599	4.079919e-01
600	4.092999e-01
601	4.105736e-01
602	4.118128e-01
603	4.130173e-01
604	4.141869e-01
605	4.153215e-01
606	4.164208e-01
607	4.174846e-01
608	4.185127e-01
609	4.195050e-01
610	4.204612e-01
611	4.213813e-01
612	4.222649e-01
613	4.231120e-01
614	4.239223e-01
615	4.246958e-01
616	4.254322e-01
617	4.261315e-01
618	4.267934e-01
619	4.274179e-01
620	4.280046e-01
621	4.285536e-01
622	4.290646e-01
623	4.295375e-01
624	4.299721e-01
625	4.303684e-01
626	4.307261e-01
627	4.310452e-01
628	4.313255e-01
629	4.315670e-01
630	4.317695e-01
631	4.319330e-01
632	4.320574e-01
633	4.321426e-01
634	4.321885e-01
635	4.321950e-01
636	4.321620e-01
637	4.320895e-01
638	4.319773e-01
639	4.318253e-01
640	4.316335e-01
641	4.314018e-01
642	4.311300e-01
643	4.308182e-01
644	4.304661e-01
645	4.300738e-01
646	4.296413e-01
647	4.291683e-01
648	4.286550e-01
649	4.281011e-01
650	4.275068e-01
651	4.268719e-01
652	4.261963e-01
653	4.254802e-01
654	4.247233e-01
655	4.239257e-01
656	4.230874e-01
657	4.222084e-01
658	4.212886e-01
659	4.203281e-01
660	4.193269e-01
661	4.182851e-01
662	4.172026e-01
663	4.160795e-01
664	4.149158e-01
665	4.137115e-01
666	4.124668e-01
667	4.111815e-01
668	4.098558e-01
669	4.084896e-01
670	4.070830e-01
671	4.056361e-01
672	4.041488e-01
673	4.026211e-01
674	4.010533e-01
675	3.994452e-01
676	3.977970e-01
677	3.961088e-01
678	3.943807e-01
679	3.926126e-01
680	3.908048e-01
681	3.889573e-01
682	3.870703e-01
683	3.851437e-01
684	3.831777e-01
685	3.811724e-01
686	3.791279e-01
687	3.770443e-01
688	3.749217e-01
689	3.727602e-01
690	3.705599e-01
691	3.683210e-01
692	3.660436e-01
693	3.637279e-01
694	3.613740e-01
695	3.589820e-01
696	3.565521e-01
697	3.540845e-01
698	3.515793e-01
699	3.490368e-01
700	3.464570e-01
701	3.438401e-01
702	3.411864e-01
703	3.384960e-01
704	3.357691e-01
705	3.330058e-01
706	3.302065e-01
707	3.273713e-01
708	3.245004e-01
709	3.215941e-01
710	3.186525e-01
711	3.156759e-01
712	3.126646e-01
713	3.096188e-01
714	3.065386e-01
715	3.034244e-01
716	3.002764e-01
717	2.970948e-01
718	2.938798e-01
719	2.906319e-01
720	2.873511e-01
721	2.840379e-01
722	2.806925e-01
723	2.773152e-01
724	2.739063e-01
725	2.704662e-01
726	2.669951e-01
727	2.634933e-01
728	2.599612e-01
729	2.563990e-01
730	2.528071e-01
731	2.491856e-01
732	2.455350e-01
733	2.418554e-01
734	2.381473e-01
735	2.344107e-01
736	2.306462e-01
737	2.268540e-01
738	2.230343e-01
739	2.191876e-01
740	2.153142e-01
741	2.114144e-01
742	2.074886e-01
743	2.035372e-01
744	1.995605e-01
745	1.955588e-01
746	1.915327e-01
747	1.874823e-01
748	1.834082e-01
749	1.793107e-01
750	1.751901e-01
751	1.710469e-01
752	1.668814e-01
753	1.626940e-01
754	1.584852e-01
755	1.542553e-01
756	1.500048e-01
757	1.457340e-01
758	1.414433e-01
759	1.371333e-01
760	1.328042e-01
761	1.284565e-01
762	1.240906e-01
763	1.197069e-01
764	1.153059e-01
765	1.108879e-01
766	1.064533e-01
767	1.020027e-01
768	9.753634e-02
769	9.305477e-02
770	8.855840e-02
771	8.404767e-02
772	7.952304e-02
773	7.498494e-02
774	7.043383e-02
775	6.587013e-02
776	6.129430e-02
777	5.670677e-02
778	5.210797e-02
779	4.749835e-02
780	4.287834e-02
781	3.824839e-02
782	3.360893e-02
783	2.896043e-02
784	2.430332e-02
785	1.963809e-02
786	1.496517e-02
787	1.028505e-02
788	5.598186e-03
789	9.050473e-04
790	-3.793902e-03
791	-8.498198e-03
792	-1.320738e-02
793	-1.792099e-02
794	-2.263857e-02
795	-2.735966e-02
796	-3.208380e-02
797	-3.681053e-02
798	-4.153940e-02
799	-4.626993e-02
800	-5.100165e-02
801	-5.573410e-02
802	-6.046680e-02
803	-6.519928e-02
804	-6.993108e-02
805	-7.466172e-02
806	-7.939074e-02
807	-8.411768e-02
808	-8.884209e-02
809	-9.356352e-02
810	-9.828152e-02
811	-1.029956e-01
812	-1.077054e-01
813	-1.124104e-01
814	-1.171101e-01
815	-1.218042e-01
816	-1.264920e-01
817	-1.311732e-01
818	-1.358473e-01
819	-1.405139e-01
820	-1.451724e-01
821	-1.498224e-01
822	-1.544635e-01
823	-1.590952e-01
824	-1.637171e-01
825	-1.683287e-01
826	-1.729296e-01
827	-1.775194e-01
828	-1.820976e-01
829	-1.866638e-01
830	-1.912176e-01
831	-1.957585e-01
832	-2.002862e-01
833	-2.048000e-01
834	-2.092996e-01
835	-2.137845e-01
836	-2.182543e-01
837	-2.227086e-01
838	-2.271468e-01
839	-2.315686e-01
840	-2.359735e-01
841	-2.403611e-01
842	-2.447311e-01
843	-2.490828e-01
844	-2.534160e-01
845	-2.577303e-01
846	-2.620252e-01
847	-2.663003e-01
848	-2.705552e-01
849	-2.747895e-01
850	-2.790027e-01
851	-2.831945e-01
852	-2.873644e-01
853	-2.915120e-01
854	-2.956369e-01
855	-2.997387e-01
856	-3.038169e-01
857	-3.078713e-01
858	-3.119013e-01
859	-3.159066e-01
860	-3.198868e-01
861	-3.238414e-01
862	-3.277702e-01
863	-3.316727e-01
864	-3.355486e-01
865	-3.393974e-01
866	-3.432188e-01
867	-3.470125e-01
868	-3.507780e-01
869	-3.545151e-01
870	-3.582234e-01
871	-3.619024e-01
872	-3.655520e-01
873	-3.691718e-01
874	-3.727614e-01
875	-3.763205e-01
876	-3.798487e-01
877	-3.833458e-01
878	-3.868114e-01
879	-3.902452e-01
880	-3.936468e-01
881	-3.970160e-01
882	-4.003524e-01
883	-4.036556e-01
884	-4.069255e-01
885	-4.101617e-01
886	-4.133638e-01
887	-4.165316e-01
888	-4.196649e-01
889	-4.227633e-01
890	-4.258264e-01
891	-4.288542e-01
892	-4.318461e-01
893	-4.348020e-01
894	-4.377215e-01
895	-4.406044e-01
896	-4.434504e-01
897	-4.462592e-01
898	-4.490306e-01
899	-4.517643e-01
900	-4.544600e-01
901	-4.571176e-01
902	-4.597367e-01
903	-4.623173e-01
904	-4.648590e-01
905	-4.673617e-01
906	-4.698251e-01
907	-4.722491e-01
908	-4.746333e-01
909	-4.769777e-01
910	-4.792818e-01
911	-4.815456e-01
912	-4.837687e-01
913	-4.859510e-01
914	-4.880922e-01
915	-4.901922e-01
916	-4.922506e-01
917	-4.942673e-01
918	-4.962421e-01
919	-4.981748e-01
920	-5.000653e-01
921	-5.019133e-01
922	-5.037187e-01
923	-5.054813e-01
924	-5.072009e-01
925	-5.088774e-01
926	-5.105106e-01
927	-5.121003e-01
928	-5.136464e-01
929	-5.151486e-01
930	-5.166068e-01
931	-5.180209e-01
932	-5.193907e-01
933	-5.207161e-01
934	-5.219969e-01
935	-5.232329e-01
936	-5.244241e-01
937	-5.255703e-01
938	-5.266715e-01
939	-5.277274e-01
940	-5.287380e-01
941	-5.297031e-01
942	-5.306226e-01
943	-5.314965e-01
944	-5.323246e-01
945	-5.331069e-01
946	-5.338431e-01
947	-5.345333e-01
948	-5.351773e-01
949	-5.357751e-01
950	-5.363266e-01
951	-5.368317e-01
952	-5.372904e-01
953	-5.377025e-01
954	-5.380681e-01
955	-5.383870e-01
956	-5.386593e-01
957	-5.388847e-01
958	-5.390634e-01
959	-5.391951e-01
960	-5.392800e-01
961	-5.393179e-01
962	-5.393089e-01
963	-5.392529e-01
964	-5.391498e-01
965	-5.389998e-01
966	-5.388027e-01
967	-5.385586e-01
968	-5.382675e-01
969	-5.379293e-01
970	-5.375441e-01
971	-5.371118e-01
972	-5.366325e-01
973	-5.361061e-01
974	-5.355327e-01
975	-5.349121e-01
976	-5.342445e-01
977	-5.335298e-01
978	-5.327681e-01
979	-5.319594e-01
980	-5.311036e-01
981	-5.302009e-01
982	-5.292512e-01
983	-5.282546e-01
984	-5.272112e-01
985	-5.261209e-01
986	-5.249840e-01
987	-5.238003e-01
988	-5.225700e-01
989	-5.212932e-01
990	-5.199699e-01
991	-5.186002e-01
992	-5.171843e-01
993	-5.157222e-01
994	-5.142140e-01
995	-5.126598e-01
996	-5.110597e-01
997	-5.094139e-01
998	-5.077225e-01
999	-5.059856e-01
1000	-5.042032e-01
1001	-5.023756e-01
1002	-5.005028e-01
1003	-4.985849e-01
1004	-4.966220e-01
1005	-4.946144e-01
1006	-4.925620e-01
1007	-4.904650e-01
1008	-4.883237e-01
1009	-4.861380e-01
1010	-4.839082e-01
1011	-4.816345e-01
1012	-4.793170e-01
1013	-4.769558e-01
1014	-4.745512e-01
1015	-4.721034e-01
1016	-4.696124e-01
1017	-4.670785e-01
1018	-4.645019e-01
1019	-4.618827e-01
1020	-4.592211e-01
1021	-4.565172e-01
1022	-4.537713e-01
1023	-4.509836e-01
1024	-4.481541e-01
1025	-4.452832e-01
1026	-4.423711e-01
1027	-4.394179e-01
1028	-4.364238e-01
1029	-4.333891e-01
1030	-4.303141e-01
1031	-4.271989e-01
1032	-4.240437e-01
1033	-4.208488e-01
1034	-4.176145e-01
1035	-4.143409e-01
1036	-4.110284e-01
1037	-4.076771e-01
1038	-4.042873e-01
1039	-4.008592e-01
1040	-3.973932e-01
1041	-3.938895e-01
1042	-3.903483e-01
1043	-3.867699e-01
1044	-3.831546e-01
1045	-3.795027e-01
1046	-3.758144e-01
1047	-3.720901e-01
1048	-3.683299e-01
1049	-3.645343e-01
1050	-3.607035e-01
1051	-3.568377e-01
1052	-3.529373e-01
1053	-3.490026e-01
1054	-3.450338e-01
1055	-3.410313e-01
1056	-3.369954e-01
1057	-3.329264e-01
1058	-3.288247e-01
1059	-3.246905e-01
1060	-3.205242e-01
1061	-3.163262e-01
1062	-3.120967e-01
1063	-3.078360e-01
1064	-3.035446e-01
1065	-2.992227e-01
1066	-2.948708e-01
1067	-2.904890e-01
1068	-2.860778e-01
1069	-2.816376e-01
1070	-2.771686e-01
1071	-2.726713e-01
1072	-2.681460e-01
1073	-2.635931e-01
1074	-2.590129e-01
1075	-2.544058e-01
1076	-2.497723e-01
1077	-2.451126e-01
1078	-2.404271e-01
1079	-2.357164e-01
1080	-2.309806e-01
1081	-2.262202e-01
1082	-2.214356e-01
1083	-2.166273e-01
1084	-2.117955e-01
1085	-2.069407e-01
1086	-2.020633e-01
1087	-1.971637e-01
1088	-1.922423e-01
1089	-1.872996e-01
1090	-1.823359e-01
1091	-1.773518e-01
1092	-1.723476e-01
1093	-1.673237e-01
1094	-1.622805e-01
1095	-1.572186e-01
1096	-1.521383e-01
1097	-1.470400e-01
1098	-1.419242e-01
1099	-1.367913e-01
1100	-1.316418e-01
1101	-1.264761e-01
1102	-1.212946e-01
1103	-1.160978e-01
1104	-1.108862e-01
1105	-1.056602e-01
1106	-1.004203e-01
1107	-9.516698e-02
1108	-8.990065e-02
1109	-8.462182e-02
1110	-7.933093e-02
1111	-7.402847e-02
1112	-6.871490e-02
1113	-6.339068e-02
1114	-5.805628e-02
1115	-5.271218e-02
1116	-4.735885e-02
1117	-4.199676e-02
1118	-3.662641e-02
1119	-3.124827e-02
1120	-2.586284e-02
1121	-2.047061e-02
1122	-1.507208e-02
1123	-9.667757e-03
1124	-4.258135e-03
1125	1.156279e-03
1126	6.574979e-03
1127	1.199746e-02
1128	1.742322e-02
1129	2.285174e-02
1130	2.828253e-02
1131	3.371508e-02
1132	3.914887e-02
1133	4.458340e-02
1134	5.001815e-02
1135	5.545261e-02
1136	6.088626e-02
1137	6.631859e-02
1138	7.174906e-02
1139	7.717715e-02
1140	8.260233e-02
1141	8.802408e-02
1142	9.344186e-02
1143	9.885514e-02
1144	1.042634e-01
1145	1.096661e-01
1146	1.150627e-01
1147	1.204526e-01
1148	1.258354e-01
1149	1.312105e-01
1150	1.365774e-01
1151	1.419356e-01
1152	1.472845e-01
1153	1.526236e-01
1154	1.579525e-01
1155	1.632704e-01
1156	1.685771e-01
1157	1.738718e-01
1158	1.791542e-01
1159	1.844237e-01
1160	1.896797e-01
1161	1.949218e-01
1162	2.001494e-01
1163	2.053620e-01
1164	2.105591e-01
1165	2.157402e-01
1166	2.209048e-01
1167	2.260523e-01
1168	2.311824e-01
1169	2.362944e-01
1170	2.413879e-01
1171	2.464624e-01
1172	2.515174e-01
1173	2.565524e-01
1174	2.615670e-01
1175	2.665606e-01
1176	2.715328e-01
1177	2.764831e-01
1178	2.814110e-01
1179	2.863161e-01
1180	2.911978e-01
1181	2.960558e-01
1182	3.008894e-01
1183	3.056984e-01
1184	3.104822e-01
1185	3.152404e-01
1186	3.199725e-01
1187	3.246782e-01
1188	3.293568e-01
1189	3.340081e-01
1190	3.386316e-01
1191	3.432268e-01
1192	3.477934e-01
1193	3.523309e-01
1194	3.568389e-01
1195	3.613170e-01
1196	3.657649e-01
1197	3.701819e-01
1198	3.745679e-01
1199	3.789224e-01
1200	3.832449e-01
1201	3.875352e-01
1202	3.917927e-01
1203	3.960172e-01
1204	4.002082e-01
1205	4.043654e-01
1206	4.084884e-01
1207	4.125768e-01
1208	4.166303e-01
1209	4.206484e-01
1210	4.246310e-01
1211	4.285775e-01
1212	4.324877e-01
1213	4.363613e-01
1214	4.401979e-01
1215	4.439971e-01
1216	4.477588e-01
1217	4.514824e-01
1218	4.551679e-01
1219	4.588147e-01
1220	4.624227e-01
1221	4.659915e-01
1222	4.695208e-01
1223	4.730103e-01
1224	4.764598e-01
1225	4.798689e-01
1226	4.832373e-01
1227	4.865648e-01
1228	4.898512e-01
1229	4.930961e-01
1230	4.962993e-01
1231	4.994605e-01
1232	5.025796e-01
1233	5.056562e-01
1234	5.086901e-01
1235	5.116811e-01
1236	5.146289e-01
1237	5.175333e-01
1238	5.203940e-01
1239	5.232109e-01
1240	5.259836e-01
1241	5.287119e-01
1242	5.313957e-01
1243	5.340347e-01
1244	5.366286e-01
1245	5.391774e-01
1246	5.416807e-01
1247	5.441385e-01
1248	5.465505e-01
1249	5.489165e-01
1250	5.512364e-01
1251	5.535099e-01
1252	5.557369e-01
1253	5.579173e-01
1254	5.600507e-01
1255	5.621371e-01
1256	5.641762e-01
1257	5.661679e-01
1258	5.681119e-01
1259	5.700082e-01
1260	5.718565e-01
1261	5.736566e-01
1262	5.754084e-01
1263	5.771118e-01
1264	5.787666e-01
1265	5.803727e-01
1266	5.819299e-01
1267	5.834381e-01
1268	5.848971e-01
1269	5.863069e-01
1270	5.876671e-01
1271	5.889778e-01
1272	5.902387e-01
1273	5.914497e-01
1274	5.926107e-01
1275	5.937214e-01
1276	5.947818e-01
1277	5.957917e-01
1278	5.967510e-01
1279	5.976596e-01
1280	5.985172e-01
1281	5.993239e-01
1282	6.000795e-01
1283	6.007839e-01
1284	6.014370e-01
1285	6.020386e-01
1286	6.025887e-01
1287	6.030872e-01
1288	6.035339e-01
1289	6.039287e-01
1290	6.042715e-01
1291	6.045621e-01
1292	6.048006e-01
1293	6.049867e-01
1294	6.051205e-01
1295	6.052017e-01
1296	6.052302e-01
1297	6.052061e-01
1298	6.051293e-01
1299	6.049996e-01
1300	6.048170e-01
1301	6.045814e-01
1302	6.042928e-01
1303	6.039510e-01
1304	6.035561e-01
1305	6.031079e-01
1306	6.026065e-01
1307	6.020517e-01
1308	6.014434e-01
1309	6.007817e-01
1310	6.000666e-01
1311	5.992978e-01
1312	5.984755e-01
1313	5.975996e-01
1314	5.966701e-01
1315	5.956870e-01
1316	5.946502e-01
1317	5.935598e-01
1318	5.924158e-01
1319	5.912181e-01
1320	5.899667e-01
1321	5.886617e-01
1322	5.873031e-01
1323	5.858908e-01
1324	5.844249e-01
1325	5.829053e-01
1326	5.813322e-01
1327	5.797056e-01
1328	5.780254e-01
1329	5.762918e-01
1330	5.745048e-01
1331	5.726644e-01
1332	5.707708e-01
1333	5.688239e-01
1334	5.668240e-01
1335	5.647710e-01
1336	5.626650e-01
1337	5.605062e-01
1338	5.582946e-01
1339	5.560303e-01
1340	5.537135e-01
1341	5.513441e-01
1342	5.489224e-01
1343	5.464485e-01
1344	5.439224e-01
1345	5.413444e-01
1346	5.387146e-01
1347	5.360331e-01
1348	5.333001e-01
1349	5.305158e-01
1350	5.276804e-01
1351	5.247939e-01
1352	5.218567e-01
1353	5.188688e-01
1354	5.158305e-01
1355	5.127420e-01
1356	5.096035e-01
1357	5.064152e-01
1358	5.031772e-01
1359	4.998899e-01
1360	4.965535e-01
1361	4.931682e-01
1362	4.897343e-01
1363	4.862519e-01
1364	4.827215e-01
1365	4.791432e-01
1366	4.755173e-01
1367	4.718441e-01
1368	4.681239e-01
1369	4.643569e-01
1370	4.605435e-01
1371	4.566839e-01
1372	4.527785e-01
1373	4.488276e-01
1374	4.448314e-01
1375	4.407904e-01
1376	4.367048e-01
1377	4.325749e-01
1378	4.284012e-01
1379	4.241840e-01
1380	4.199237e-01
1381	4.156206e-01
1382	4.112750e-01
1383	4.068875e-01
1384	4.024582e-01
1385	3.979878e-01
1386	3.934764e-01
1387	3.889246e-01
1388	3.843327e-01
1389	3.797011e-01
1390	3.750303e-01
1391	3.703207e-01
1392	3.655726e-01
1393	3.607866e-01
1394	3.559630e-01
1395	3.511024e-01
1396	3.462051e-01
1397	3.412717e-01
1398	3.363025e-01
1399	3.312981e-01
1400	3.262589e-01
1401	3.211854e-01
1402	3.160781e-01
1403	3.109374e-01
1404	3.057638e-01
1405	3.005578e-01
1406	2.953199e-01
1407	2.900506e-01
1408	2.847504e-01
1409	2.794198e-01
1410	2.740593e-01
1411	2.686694e-01
1412	2.632507e-01
1413	2.578036e-01
1414	2.523288e-01
1415	2.468267e-01
1416	2.412979e-01
1417	2.357430e-01
1418	2.301623e-01
1419	2.245566e-01
1420	2.189264e-01
1421	2.132721e-01
1422	2.075944e-01
1423	2.018939e-01
1424	1.961710e-01
1425	1.904263e-01
1426	1.846605e-01
1427	1.788741e-01
1428	1.730676e-01
1429	1.672417e-01
1430	1.613969e-01
1431	1.555338e-01
1432	1.496530e-01
1433	1.437550e-01
1434	1.378404e-01
1435	1.319098e-01
1436	1.259638e-01
1437	1.200030e-01
1438	1.140279e-01
1439	1.080391e-01
1440	1.020373e-01
1441	9.602291e-02
1442	8.999667e-02
1443	8.395914e-02
1444	7.791091e-02
1445	7.185261e-02
1446	6.578481e-02
1447	5.970814e-02
1448	5.362319e-02
1449	4.753057e-02
1450	4.143087e-02
1451	3.532469e-02
1452	2.921264e-02
1453	2.309530e-02
1454	1.697328e-02
1455	1.084717e-02
1456	4.717566e-03
1457	-1.414939e-03
1458	-7.549751e-03
1459	-1.368627e-02
1460	-1.982391e-02
1461	-2.596208e-02
1462	-3.210018e-02
1463	-3.823762e-02
1464	-4.437382e-02
1465	-5.050818e-02
1466	-5.664012e-02
1467	-6.276904e-02
1468	-6.889437e-02
1469	-7.501551e-02
1470	-8.113188e-02
1471	-8.724287e-02
1472	-9.334791e-02
1473	-9.944640e-02
1474	-1.055378e-01
1475	-1.116214e-01
1476	-1.176967e-01
1477	-1.237631e-01
1478	-1.298199e-01
1479	-1.358667e-01
1480	-1.419029e-01
1481	-1.479278e-01
1482	-1.539408e-01
1483	-1.599415e-01
1484	-1.659292e-01
1485	-1.719034e-01
1486	-1.778635e-01
1487	-1.838089e-01
1488	-1.897390e-01
1489	-1.956534e-01
1490	-2.015514e-01
1491	-2.074324e-01
1492	-2.132960e-01
1493	-2.191415e-01
1494	-2.249685e-01
1495	-2.307762e-01
1496	-2.365643e-01
1497	-2.423322e-01
1498	-2.480792e-01
1499	-2.538049e-01
1500	-2.595087e-01
1501	-2.651901e-01
1502	-2.708486e-01
1503	-2.764836e-01
1504	-2.820947e-01
1505	-2.876812e-01
1506	-2.932427e-01
1507	-2.987786e-01
1508	-3.042885e-01
1509	-3.097718e-01
1510	-3.152281e-01
1511	-3.206567e-01
1512	-3.260573e-01
1513	-3.314294e-01
1514	-3.367725e-01
1515	-3.420860e-01
1516	-3.473695e-01
1517	-3.526226e-01
1518	-3.578447e-01
1519	-3.630354e-01
1520	-3.681942e-01
1521	-3.733207e-01
1522	-3.784144e-01
1523	-3.834749e-01
1524	-3.885017e-01
1525	-3.934944e-01
1526	-3.984525e-01
1527	-4.033756e-01
1528	-4.082633e-01
1529	-4.131152e-01
1530	-4.179307e-01
1531	-4.227096e-01
1532	-4.274515e-01
1533	-4.321558e-01
1534	-4.368222e-01
1535	-4.414503e-01
1536	-4.460398e-01
1537	-4.505902e-01
1538	-4.551011e-01
1539	-4.595721e-01
1540	-4.640030e-01
1541	-4.683933e-01
1542	-4.727426e-01
1543	-4.770506e-01
1544	-4.813170e-01
1545	-4.855414e-01
1546	-4.897235e-01
1547	-4.938629e-01
1548	-4.979593e-01
1549	-5.020125e-01
1550	-5.060220e-01
1551	-5.099877e-01
1552	-5.139091e-01
1553	-5.177860e-01
1554	-5.216180e-01
1555	-5.254050e-01
1556	-5.291465e-01
1557	-5.328424e-01
1558	-5.364922e-01
1559	-5.400958e-01
1560	-5.436528e-01
1561	-5.471629e-01
1562	-5.506260e-01
1563	-5.540416e-01
1564	-5.574096e-01
1565	-5.607297e-01
1566	-5.640016e-01
1567	-5.672250e-01
1568	-5.703998e-01
1569	-5.735257e-01
1570	-5.766024e-01
1571	-5.796297e-01
1572	-5.826075e-01
1573	-5.855353e-01
1574	-5.884132e-01
1575	-5.912408e-01
1576	-5.940179e-01
1577	-5.967443e-01
1578	-5.994198e-01
1579	-6.020443e-01
1580	-6.046175e-01
1581	-6.071392e-01
1582	-6.096092e-01
1583	-6.120274e-01
1584	-6.143936e-01
1585	-6.167075e-01
1586	-6.189690e-01
1587	-6.211780e-01
1588	-6.233342e-01
1589	-6.254376e-01
1590	-6.274879e-01
1591	-6.294849e-01
1592	-6.314287e-01
1593	-6.333189e-01
1594	-6.351555e-01
1595	-6.369383e-01
1596	-6.386671e-01
1597	-6.403420e-01
1598	-6.419626e-01
1599	-6.435290e-01
1600	-6.450409e-01
1601	-6.464983e-01
1602	-6.479011e-01
1603	-6.492490e-01
1604	-6.505421e-01
1605	-6.517801e-01
1606	-6.529630e-01
1607	-6.540906e-01
1608	-6.551629e-01
1609	-6.561797e-01
1610	-6.571409e-01
1611	-6.580465e-01
1612	-6.588963e-01
1613	-6.596903e-01
1614	-6.604283e-01
1615	-6.611103e-01
1616	-6.617363e-01
1617	-6.623060e-01
1618	-6.628196e-01
1619	-6.632768e-01
1620	-6.636776e-01
1621	-6.640220e-01
1622	-6.643099e-01
1623	-6.645411e-01
1624	-6.647158e-01
1625	-6.648338e-01
1626	-6.648949e-01
1627	-6.648993e-01
1628	-6.648468e-01
1629	-6.647375e-01
1630	-6.645711e-01
1631	-6.643478e-01
1632	-6.640674e-01
1633	-6.637300e-01
1634	-6.633355e-01
1635	-6.628838e-01
1636	-6.623751e-01
1637	-6.618091e-01
1638	-6.611860e-01
1639	-6.605057e-01
1640	-6.597682e-01
1641	-6.589735e-01
1642	-6.581216e-01
1643	-6.572124e-01
1644	-6.562461e-01
1645	-6.552225e-01
1646	-6.541418e-01
1647	-6.530038e-01
1648	-6.518087e-01
1649	-6.505564e-01
1650	-6.492470e-01
1651	-6.478805e-01
1652	-6.464569e-01
1653	-6.449762e-01
1654	-6.434385e-01
1655	-6.418438e-01
1656	-6.401922e-01
1657	-6.384837e-01
1658	-6.367183e-01
1659	-6.348961e-01
1660	-6.330172e-01
1661	-6.310817e-01
1662	-6.290895e-01
1663	-6.270409e-01
1664	-6.249358e-01
1665	-6.227743e-01
1666	-6.205567e-01
1667	-6.182829e-01
1668	-6.159530e-01
1669	-6.135671e-01
1670	-6.111254e-01
1671	-6.086279e-01
1672	-6.060748e-01
1673	-6.034662e-01
1674	-6.008021e-01
1675	-5.980827e-01
1676	-5.953081e-01
1677	-5.924785e-01
1678	-5.895939e-01
1679	-5.866546e-01
1680	-5.836607e-01
1681	-5.806123e-01
1682	-5.775097e-01
1683	-5.743529e-01
1684	-5.711422e-01
1685	-5.678777e-01
1686	-5.645596e-01
1687	-5.611882e-01
1688	-5.577635e-01
1689	-5.542858e-01
1690	-5.507554e-01
1691	-5.471723e-01
1692	-5.435369e-01
1693	-5.398494e-01
1694	-5.361099e-01
1695	-5.323188e-01
1696	-5.284762e-01
1697	-5.245825e-01
1698	-5.206379e-01
1699	-5.166426e-01
1700	-5.125969e-01
1701	-5.085011e-01
1702	-5.043555e-01
1703	-5.001604e-01
1704	-4.959160e-01
1705	-4.916226e-01
1706	-4.872806e-01
1707	-4.828902e-01
1708	-4.784518e-01
1709	-4.739656e-01
1710	-4.694321e-01
1711	-4.648516e-01
1712	-4.602243e-01
1713	-4.555507e-01
1714	-4.508312e-01
1715	-4.460660e-01
1716	-4.412556e-01
1717	-4.364005e-01
1718	-4.315008e-01
1719	-4.265572e-01
1720	-4.215699e-01
1721	-4.165394e-01
1722	-4.114661e-01
1723	-4.063505e-01
1724	-4.011929e-01
1725	-3.959939e-01
1726	-3.907538e-01
1727	-3.854732e-01
1728	-3.801526e-01
1729	-3.747923e-01
1730	-3.693929e-01
1731	-3.639549e-01
1732	-3.584788e-01
1733	-3.529650e-01
1734	-3.474142e-01
1735	-3.418268e-01
1736	-3.362033e-01
1737	-3.305443e-01
1738	-3.248504e-01
1739	-3.191220e-01
1740	-3.133597e-01
1741	-3.075641e-01
1742	-3.017358e-01
1743	-2.958753e-01
1744	-2.899833e-01
1745	-2.840602e-01
1746	-2.781068e-01
1747	-2.721235e-01
1748	-2.661111e-01
1749	-2.600701e-01
1750	-2.540012e-01
1751	-2.479050e-01
1752	-2.417820e-01
1753	-2.356330e-01
1754	-2.294586e-01
1755	-2.232594e-01
1756	-2.170361e-01
1757	-2.107892e-01
1758	-2.045196e-01
1759	-1.982277e-01
1760	-1.919143e-01
1761	-1.855801e-01
1762	-1.792257e-01
1763	-1.728519e-01
1764	-1.664591e-01
1765	-1.600483e-01
1766	-1.536200e-01
1767	-1.471749e-01
1768	-1.407138e-01
1769	-1.342374e-01
1770	-1.277462e-01
1771	-1.212411e-01
1772	-1.147228e-01
1773	-1.081920e-01
1774	-1.016493e-01
1775	-9.509552e-02
1776	-8.853138e-02
1777	-8.195757e-02
1778	-7.537482e-02
1779	-6.878385e-02
1780	-6.218537e-02
1781	-5.558010e-02
1782	-4.896877e-02
1783	-4.235209e-02
1784	-3.573078e-02
1785	-2.910556e-02
1786	-2.247715e-02
1787	-1.584628e-02
1788	-9.213662e-03
1789	-2.580035e-03
1790	4.053876e-03
1791	1.068734e-02
1792	1.731964e-02
1793	2.395003e-02
1794	3.057779e-02
1795	3.720220e-02
1796	4.382255e-02
1797	5.043811e-02
1798	5.704818e-02
1799	6.365206e-02
1800	7.024904e-02
1801	7.683843e-02
1802	8.341953e-02
1803	8.999166e-02
1804	9.655414e-02
1805	1.031063e-01
1806	1.096474e-01
1807	1.161767e-01
1808	1.226937e-01
1809	1.291977e-01
1810	1.356878e-01
1811	1.421636e-01
1812	1.486243e-01
1813	1.550692e-01
1814	1.614978e-01
1815	1.679094e-01
1816	1.743033e-01
1817	1.806789e-01
1818	1.870357e-01
1819	1.933731e-01
1820	1.996903e-01
1821	2.059870e-01
1822	2.122624e-01
1823	2.185159e-01
1824	2.247472e-01
1825	2.309555e-01
1826	2.371402e-01
1827	2.433010e-01
1828	2.494371e-01
1829	2.555481e-01
1830	2.616334e-01
1831	2.676924e-01
1832	2.737248e-01
1833	2.797298e-01
1834	2.857071e-01
1835	2.916561e-01
1836	2.975762e-01
1837	3.034671e-01
1838	3.093283e-01
1839	3.151591e-01
1840	3.209592e-01
1841	3.267282e-01
1842	3.324654e-01
1843	3.381705e-01
1844	3.438429e-01
1845	3.494823e-01
1846	3.550882e-01
1847	3.606602e-01
1848	3.661978e-01
1849	3.717005e-01
1850	3.771679e-01
1851	3.825997e-01
1852	3.879953e-01
1853	3.933543e-01
1854	3.986763e-01
1855	4.039609e-01
1856	4.092076e-01
1857	4.144160e-01
1858	4.195856e-01
1859	4.247161e-01
1860	4.298070e-01
1861	4.348579e-01
1862	4.398683e-01
1863	4.448379e-01
1864	4.497663e-01
1865	4.546530e-01
1866	4.594977e-01
1867	4.642999e-01
1868	4.690593e-01
1869	4.737755e-01
1870	4.784480e-01
1871	4.830765e-01
1872	4.876605e-01
1873	4.921997e-01
1874	4.966936e-01
1875	5.011419e-01
1876	5.055441e-01
1877	5.098998e-01
1878	5.142086e-01
1879	5.184702e-01
1880	5.226841e-01
1881	5.268498e-01
1882	5.309671e-01
1883	5.350355e-01
1884	5.390546e-01
1885	5.430241e-01
1886	5.469435e-01
1887	5.508125e-01
1888	5.546307e-01
1889	5.583977e-01
1890	5.621131e-01
1891	5.657765e-01
1892	5.693877e-01
1893	5.729461e-01
1894	5.764515e-01
1895	5.799034e-01
1896	5.833016e-01
1897	5.866456e-01
1898	5.899351e-01
1899	5.931697e-01
1900	5.963491e-01
1901	5.994729e-01
1902	6.025408e-01
1903	6.055524e-01
1904	6.085074e-01
1905	6.114054e-01
1906	6.142461e-01
1907	6.170291e-01
1908	6.197542e-01
1909	6.224210e-01
1910	6.250291e-01
1911	6.275784e-01
1912	6.300684e-01
1913	6.324990e-01
1914	6.348697e-01
1915	6.371804e-01
1916	6.394307e-01
1917	6.416205e-01
1918	6.437494e-01
1919	6.458172e-01
1920	6.478237e-01
1921	6.497685e-01
1922	6.516516e-01
1923	6.534725e-01
1924	6.552311e-01
1925	6.569272e-01
1926	6.585606e-01
1927	6.601309e-01
1928	6.616381e-01
1929	6.630819e-01
1930	6.644622e-01
1931	6.657788e-01
1932	6.670314e-01
1933	6.682201e-01
1934	6.693445e-01
1935	6.704047e-01
1936	6.714003e-01
1937	6.723314e-01
1938	6.731978e-01
1939	6.739994e-01
1940	6.747361e-01
1941	6.754077e-01
1942	6.760142e-01
1943	6.765555e-01
1944	6.770314e-01
1945	6.774420e-01
1946	6.777870e-01
1947	6.780665e-01
1948	6.782803e-01
1949	6.784284e-01
1950	6.785107e-01
1951	6.785272e-01
1952	6.784778e-01
1953	6.783624e-01
1954	6.781811e-01
1955	6.779337e-01
1956	6.776203e-01
1957	6.772407e-01
1958	6.767950e-01
1959	6.762831e-01
1960	6.757050e-01
1961	6.750607e-01
1962	6.743502e-01
1963	6.735733e-01
1964	6.727303e-01
1965	6.718209e-01
1966	6.708453e-01
1967	6.698034e-01
1968	6.686952e-01
1969	6.675208e-01
1970	6.662802e-01
1971	6.649734e-01
1972	6.636004e-01
1973	6.621612e-01
1974	6.606560e-01
1975	6.590847e-01
1976	6.574474e-01
1977	6.557441e-01
1978	6.539749e-01
1979	6.521399e-01
1980	6.502392e-01
1981	6.482727e-01
1982	6.462407e-01
1983	6.441432e-01
1984	6.419804e-01
1985	6.397523e-01
1986	6.374591e-01
1987	6.351009e-01
1988	6.326779e-01
1989	6.301903e-01
1990	6.276382e-01
1991	6.250218e-01
1992	6.223413e-01
1993	6.195969e-01
1994	6.167888e-01
1995	6.139171e-01
1996	6.109823e-01
1997	6.079844e-01
1998	6.049237e-01
1999	6.018006e-01
2000	5.986152e-01
2001	5.953678e-01
2002	5.920588e-01
2003	5.886884e-01
2004	5.852569e-01
2005	5.817648e-01
2006	5.782122e-01
2007	5.745997e-01
2008	5.709274e-01
2009	5.671959e-01
2010	5.634056e-01
2011	5.595567e-01
2012	5.556498e-01
2013	5.516853e-01
2014	5.476637e-01
2015	5.435853e-01
2016	5.394508e-01
2017	5.352605e-01
2018	5.310150e-01
2019	5.267147e-01
2020	5.223603e-01
2021	5.179523e-01
2022	5.134911e-01
2023	5.089774e-01
2024	5.044117e-01
2025	4.997945e-01
2026	4.951266e-01
2027	4.904085e-01
2028	4.856408e-01
2029	4.808241e-01
2030	4.759591e-01
2031	4.710464e-01
2032	4.660868e-01
2033	4.610808e-01
2034	4.560293e-01
2035	4.509328e-01
2036	4.457922e-01
2037	4.406080e-01
2038	4.353812e-01
2039	4.301123e-01
2040	4.248022e-01
2041	4.194516e-01
2042	4.140613e-01
2043	4.086320e-01
2044	4.031644e-01
2045	3.976595e-01
2046	3.921179e-01
2047	3.865404e-01
2048	3.809278e-01
2049	3.752809e-01
2050	3.696006e-01
2051	3.638875e-01
2052	3.581425e-01
2053	3.523664e-01
2054	3.465600e-01
2055	3.407241e-01
2056	3.348595e-01
2057	3.289670e-01
2058	3.230474e-01
2059	3.171016e-01
2060	3.111304e-01
2061	3.051345e-01
2062	2.991148e-01
2063	2.930721e-01
2064	2.870072e-01
2065	2.809210e-01
2066	2.748142e-01
2067	2.686877e-01
2068	2.625422e-01
2069	2.563786e-01
2070	2.501977e-01
2071	2.440002e-01
2072	2.377869e-01
2073	2.315586e-01
2074	2.253162e-01
2075	2.190604e-01
2076	2.127920e-01
2077	2.065119e-01
2078	2.002207e-01
2079	1.939193e-01
2080	1.876086e-01
2081	1.812893e-01
2082	1.749621e-01
2083	1.686280e-01
2084	1.622876e-01
2085	1.559418e-01
2086	1.495914e-01
2087	1.432370e-01
2088	1.368796e-01
2089	1.305198e-01
2090	1.241584e-01
2091	1.177961e-01
2092	1.114338e-01
2093	1.050721e-01
2094	9.871187e-02
2095	9.235378e-02
2096	8.599861e-02
2097	7.964710e-02
2098	7.330001e-02
2099	6.695809e-02
2100	6.062207e-02
2101	5.429271e-02
2102	4.797072e-02
2103	4.165685e-02
2104	3.535181e-02
2105	2.905632e-02
2106	2.277107e-02
2107	1.649677e-02
2108	1.023411e-02
2109	3.983771e-03
2110	-2.253575e-03
2111	-8.477254e-03
2112	-1.468660e-02
2113	-2.088096e-02
2114	-2.705966e-02
2115	-3.322207e-02
2116	-3.936754e-02
2117	-4.549543e-02
2118	-5.160510e-02
2119	-5.769593e-02
2120	-6.376730e-02
2121	-6.981859e-02
2122	-7.584920e-02
2123	-8.185853e-02
2124	-8.784599e-02
2125	-9.381100e-02
2126	-9.975298e-02
2127	-1.056714e-01
2128	-1.115656e-01
2129	-1.174352e-01
2130	-1.232795e-01
2131	-1.290980e-01
2132	-1.348903e-01
2133	-1.406557e-01
2134	-1.463938e-01
2135	-1.521041e-01
2136	-1.577861e-01
2137	-1.634393e-01
2138	-1.690631e-01
2139	-1.746571e-01
2140	-1.802209e-01
2141	-1.857538e-01
2142	-1.912556e-01
2143	-1.967255e-01
2144	-2.021633e-01
2145	-2.075683e-01
2146	-2.129402e-01
2147	-2.182785e-01
2148	-2.235827e-01
2149	-2.288523e-01
2150	-2.340869e-01
2151	-2.392861e-01
2152	-2.444493e-01
2153	-2.495763e-01
2154	-2.546665e-01
2155	-2.597195e-01
2156	-2.647348e-01
2157	-2.697121e-01
2158	-2.746509e-01
2159	-2.795509e-01
2160	-2.844115e-01
2161	-2.892325e-01
2162	-2.940133e-01
2163	-2.987536e-01
2164	-3.034529e-01
2165	-3.081110e-01
2166	-3.127274e-01
2167	-3.173017e-01
2168	-3.218336e-01
2169	-3.263228e-01
2170	-3.307687e-01
2171	-3.351712e-01
2172	-3.395299e-01
2173	-3.438445e-01
2174	-3.481145e-01
2175	-3.523399e-01
2176	-3.565201e-01
2177	-3.606550e-01
2178	-3.647443e-01
2179	-3.687877e-01
2180	-3.727850e-01
2181	-3.767358e-01
2182	-3.806400e-01
2183	-3.844972e-01
2184	-3.883074e-01
2185	-3.920702e-01
2186	-3.957854e-01
2187	-3.994529e-01
2188	-4.030723e-01
2189	-4.066435e-01
2190	-4.101663e-01
2191	-4.136405e-01
2192	-4.170659e-01
2193	-4.204424e-01
2194	-4.237697e-01
2195	-4.270477e-01
2196	-4.302763e-01
2197	-4.334554e-01
2198	-4.365847e-01
2199	-4.396641e-01
2200	-4.426936e-01
2201	-4.456731e-01
2202	-4.486023e-01
2203	-4.514813e-01
2204	-4.543099e-01
2205	-4.570880e-01
2206	-4.598155e-01
2207	-4.624924e-01
2208	-4.651185e-01
2209	-4.676939e-01
2210	-4.702183e-01
2211	-4.726917e-01
2212	-4.751140e-01
2213	-4.774853e-01
2214	-4.798053e-01
2215	-4.820742e-01
2216	-4.842917e-01
2217	-4.864578e-01
2218	-4.885726e-01
2219	-4.906359e-01
2220	-4.926478e-01
2221	-4.946081e-01
2222	-4.965169e-01
2223	-4.983742e-01
2224	-5.001799e-01
2225	-5.019339e-01
2226	-5.036364e-01
2227	-5.052872e-01
2228	-5.068865e-01
2229	-5.084340e-01
2230	-5.099300e-01
2231	-5.113743e-01
2232	-5.127670e-01
2233	-5.141080e-01
2234	-5.153974e-01
2235	-5.166352e-01
2236	-5.178214e-01
2237	-5.189559e-01
2238	-5.200388e-01
2239	-5.210702e-01
2240	-5.220500e-01
2241	-5.229782e-01
2242	-5.238549e-01
2243	-5.246801e-01
2244	-5.254538e-01
2245	-5.261760e-01
2246	-5.268468e-01
2247	-5.274662e-01
2248	-5.280342e-01
2249	-5.285509e-01
2250	-5.290162e-01
2251	-5.294303e-01
2252	-5.297931e-01
2253	-5.301048e-01
2254	-5.303652e-01
2255	-5.305745e-01
2256	-5.307328e-01
2257	-5.308400e-01
2258	-5.308961e-01
2259	-5.309014e-01
2260	-5.308557e-01
2261	-5.307592e-01
2262	-5.306119e-01
2263	-5.304138e-01
2264	-5.301651e-01
2265	-5.298658e-01
2266	-5.295159e-01
2267	-5.291156e-01
2268	-5.286648e-01
2269	-5.281637e-01
2270	-5.276124e-01
2271	-5.270109e-01
2272	-5.263593e-01
2273	-5.256578e-01
2274	-5.249065e-01
2275	-5.241054e-01
2276	-5.232548e-01
2277	-5.223546e-01
2278	-5.214052e-01
2279	-5.204065e-01
2280	-5.193588e-01
2281	-5.182621e-01
2282	-5.171168e-01
2283	-5.159229e-01
2284	-5.146805e-01
2285	-5.133899e-01
2286	-5.120513e-01
2287	-5.106647e-01
2288	-5.092305e-01
2289	-5.077489e-01
2290	-5.062199e-01
2291	-5.046439e-01
2292	-5.030211e-01
2293	-5.013517e-01
2294	-4.996359e-01
2295	-4.978741e-01
2296	-4.960664e-01
2297	-4.942131e-01
2298	-4.923144e-01
2299	-4.903707e-01
2300	-4.883823e-01
2301	-4.863493e-01
2302	-4.842721e-01
2303	-4.821510e-01
2304	-4.799863e-01
2305	-4.777782e-01
2306	-4.755271e-01
2307	-4.732333e-01
2308	-4.708972e-01
2309	-4.685189e-01
2310	-4.660990e-01
2311	-4.636376e-01
2312	-4.611353e-01
2313	-4.585922e-01
2314	-4.560088e-01
2315	-4.533853e-01
2316	-4.507223e-01
2317	-4.480200e-01
2318	-4.452788e-01
2319	-4.424991e-01
2320	-4.396812e-01
2321	-4.368256e-01
2322	-4.339327e-01
2323	-4.310028e-01
2324	-4.280364e-01
2325	-4.250338e-01
2326	-4.219955e-01
2327	-4.189220e-01
2328	-4.158135e-01
2329	-4.126706e-01
2330	-4.094937e-01
2331	-4.062832e-01
2332	-4.030396e-01
2333	-3.997634e-01
2334	-3.964549e-01
2335	-3.931146e-01
2336	-3.897430e-01
2337	-3.863405e-01
2338	-3.829076e-01
2339	-3.794447e-01
2340	-3.759524e-01
2341	-3.724310e-01
2342	-3.688810e-01
2343	-3.653029e-01
2344	-3.616971e-01
2345	-3.580640e-01
2346	-3.544041e-01
2347	-3.507179e-01
2348	-3.470057e-01
2349	-3.432680e-01
2350	-3.395052e-01
2351	-3.357179e-01
2352	-3.319064e-01
2353	-3.280712e-01
2354	-3.242128e-01
2355	-3.203316e-01
2356	-3.164281e-01
2357	-3.125027e-01
2358	-3.085560e-01
2359	-3.045884e-01
2360	-3.006003e-01
2361	-2.965923e-01
2362	-2.925647e-01
2363	-2.885182e-01
2364	-2.844531e-01
2365	-2.803699e-01
2366	-2.762691e-01
2367	-2.721511e-01
2368	-2.680165e-01
2369	-2.638656e-01
2370	-2.596990e-01
2371	-2.555172e-01
2372	-2.513205e-01
2373	-2.471094e-01
2374	-2.428845e-01
2375	-2.386461e-01
2376	-2.343947e-01
2377	-2.301308e-01
2378	-2.258548e-01
2379	-2.215672e-01
2380	-2.172685e-01
2381	-2.129590e-01
2382	-2.086392e-01
2383	-2.043097e-01
2384	-1.999708e-01
2385	-1.956230e-01
2386	-1.912669e-01
2387	-1.869029e-01
2388	-1.825316e-01
2389	-1.781535e-01
2390	-1.737690e-01
2391	-1.693788e-01
2392	-1.649835e-01
2393	-1.605835e-01
2394	-1.561795e-01
2395	-1.517720e-01
2396	-1.473617e-01
2397	-1.429491e-01
2398	-1.385349e-01
2399	-1.341195e-01
2400	-1.297037e-01
2401	-1.252880e-01
2402	-1.208730e-01
2403	-1.164592e-01
2404	-1.120473e-01
2405	-1.076378e-01
2406	-1.032313e-01
2407	-9.882822e-02
2408	-9.442920e-02
2409	-9.003471e-02
2410	-8.564525e-02
2411	-8.126131e-02
2412	-7.688333e-02
2413	-7.251176e-02
2414	-6.814700e-02
2415	-6.378946e-02
2416	-5.943950e-02
2417	-5.509747e-02
2418	-5.076373e-02
2419	-4.643860e-02
2420	-4.212240e-02
2421	-3.781545e-02
2422	-3.351808e-02
2423	-2.923062e-02
2424	-2.495341e-02
2425	-2.068683e-02
2426	-1.643124e-02
2427	-1.218705e-02
2428	-7.954694e-03
2429	-3.734607e-03
2430	4.727386e-04
2431	4.666853e-03
2432	8.847228e-03
2433	1.301334e-02
2434	1.716465e-02
2435	2.130062e-02
2436	2.542068e-02
2437	2.952428e-02
2438	3.361085e-02
2439	3.767982e-02
2440	4.173063e-02
2441	4.576272e-02
2442	4.977553e-02
2443	5.376853e-02
2444	5.774119e-02
2445	6.169299e-02
2446	6.562345e-02
2447	6.953211e-02
2448	7.341852e-02
2449	7.728228e-02
2450	8.112300e-02
2451	8.494033e-02
2452	8.873395e-02
2453	9.250355e-02
2454	9.624886e-02
2455	9.996964e-02
2456	1.036656e-01
2457	1.073367e-01
2458	1.109826e-01
2459	1.146031e-01
2460	1.181982e-01
2461	1.217677e-01
2462	1.253116e-01
2463	1.288298e-01
2464	1.323223e-01
2465	1.357891e-01
2466	1.392303e-01
2467	1.426460e-01
2468	1.460363e-01
2469	1.494014e-01
2470	1.527415e-01
2471	1.560566e-01
2472	1.593470e-01
2473	1.626128e-01
2474	1.658539e-01
2475	1.690704e-01
2476	1.722622e-01
2477	1.754291e-01
2478	1.785709e-01
2479	1.816874e-01
2480	1.847781e-01
2481	1.878427e-01
2482	1.908807e-01
2483	1.938918e-01
2484	1.968755e-01
2485	1.998313e-01
2486	2.027589e-01
2487	2.056578e-01
2488	2.085276e-01
2489	2.113678e-01
2490	2.141780e-01
2491	2.169575e-01
2492	2.197055e-01
2493	2.224213e-01
2494	2.251037e-01
2495	2.277514e-01
2496	2.303629e-01
2497	2.329364e-01
2498	2.354699e-01
2499	2.379611e-01
2500	2.404076e-01
2501	2.428072e-01
2502	2.451577e-01
2503	2.474570e-01
2504	2.497039e-01
2505	2.518971e-01
2506	2.540365e-01
2507	2.561222e-01
2508	2.581551e-01
2509	2.601365e-01
2510	2.620681e-01
2511	2.639519e-01
2512	2.657897e-01
2513	2.675834e-01
2514	2.693348e-01
2515	2.710452e-01
2516	2.727156e-01
2517	2.743463e-01
2518	2.759376e-01
2519	2.774889e-01
2520	2.789994e-01
2521	2.804681e-01
2522	2.818937e-01
2523	2.832753e-01
2524	2.846120e-01
2525	2.859038e-01
2526	2.871512e-01
2527	2.883555e-01
2528	2.895185e-01
2529	2.906425e-01
2530	2.917300e-01
2531	2.927832e-01
2532	2.938040e-01
2533	2.947936e-01
2534	2.957524e-01
2535	2.966801e-01
2536	2.975757e-01
2537	2.984377e-01
2538	2.992643e-01
2539	3.000536e-01
2540	3.008038e-01
2541	3.015139e-01
2542	3.021834e-01
2543	3.028124e-01
2544	3.034020e-01
2545	3.039538e-01
2546	3.044698e-01
2547	3.049523e-01
2548	3.054033e-01
2549	3.058245e-01
2550	3.062167e-01
2551	3.065802e-01
2552	3.069144e-01
2553	3.072179e-01
2554	3.074890e-01
2555	3.077257e-01
2556	3.079262e-01
2557	3.080889e-01
2558	3.082130e-01
2559	3.082984e-01
2560	3.083458e-01
2561	3.083565e-01
2562	3.083326e-01
2563	3.082760e-01
2564	3.081885e-01
2565	3.080714e-01
2566	3.079252e-01
2567	3.077498e-01
2568	3.075439e-01
2569	3.073060e-01
2570	3.070342e-01
2571	3.067267e-01
2572	3.063820e-01
2573	3.059992e-01
2574	3.055780e-01
2575	3.051184e-01
2576	3.046213e-01
2577	3.040878e-01
2578	3.035194e-01
2579	3.029179e-01
2580	3.022853e-01
2581	3.016238e-01
2582	3.009355e-01
2583	3.002224e-01
2584	2.994859e-01
2585	2.987267e-01
2586	2.979447e-01
2587	2.971389e-01
2588	2.963075e-01
2589	2.954483e-01
2590	2.945592e-01
2591	2.936385e-01
2592	2.926854e-01
2593	2.916999e-01
2594	2.906831e-01
2595	2.896370e-01
2596	2.885639e-01
2597	2.874660e-01
2598	2.863455e-01
2599	2.852039e-01
2600	2.840418e-01
2601	2.828594e-01
2602	2.816560e-01
2603	2.804308e-01
2604	2.791823e-01
2605	2.779092e-01
2606	2.766103e-01
2607	2.752846e-01
2608	2.739318e-01
2609	2.725520e-01
2610	2.711459e-01
2611	2.697148e-01
2612	2.682607e-01
2613	2.667853e-01
2614	2.652905e-01
2615	2.637778e-01
2616	2.622480e-01
2617	2.607013e-01
2618	2.591374e-01
2619	2.575555e-01
2620	2.559544e-01
2621	2.543331e-01
2622	2.526910e-01
2623	2.510277e-01
2624	2.493432e-01
2625	2.476383e-01
2626	2.459140e-01
2627	2.441716e-01
2628	2.424129e-01
2629	2.406396e-01
2630	2.388533e-01
2631	2.370555e-01
2632	2.352470e-01
2633	2.334285e-01
2634	2.315999e-01
2635	2.297608e-01
2636	2.279106e-01
2637	2.260486e-01
2638	2.241744e-01
2639	2.222882e-01
2640	2.203903e-01
2641	2.184817e-01
2642	2.165636e-01
2643	2.146376e-01
2644	2.127053e-01
2645	2.107679e-01
2646	2.088269e-01
2647	2.068831e-01
2648	2.049374e-01
2649	2.029899e-01
2650	2.010408e-01
2651	1.990896e-01
2652	1.971360e-01
2653	1.951793e-01
2654	1.932192e-01
2655	1.912557e-01
2656	1.892891e-01
2657	1.873199e-01
2658	1.853490e-01
2659	1.833775e-01
2660	1.814062e-01
2661	1.794361e-01
2662	1.774678e-01
2663	1.755017e-01
2664	1.735381e-01
2665	1.715769e-01
2666	1.696178e-01
2667	1.676604e-01
2668	1.657044e-01
2669	1.637495e-01
2670	1.617955e-01
2671	1.598427e-01
2672	1.578917e-01
2673	1.559435e-01
2674	1.539992e-01
2675	1.520601e-01
2676	1.501274e-01
2677	1.482022e-01
2678	1.462853e-01
2679	1.443772e-01
2680	1.424782e-01
2681	1.405884e-01
2682	1.387077e-01
2683	1.368359e-01
2684	1.349728e-01
2685	1.331182e-01
2686	1.312719e-01
2687	1.294342e-01
2688	1.276055e-01
2689	1.257864e-01
2690	1.239778e-01
2691	1.221806e-01
2692	1.203955e-01
2693	1.186232e-01
2694	1.168641e-01
2695	1.151185e-01
2696	1.133864e-01
2697	1.116676e-01
2698	1.099621e-01
2699	1.082697e-01
2700	1.065903e-01
2701	1.049237e-01
2702	1.032700e-01
2703	1.016295e-01
2704	1.000026e-01
2705	9.838963e-02
2706	9.679127e-02
2707	9.520798e-02
2708	9.364015e-02
2709	9.208795e-02
2710	9.055134e-02
2711	8.903010e-02
2712	8.752390e-02
2713	8.603237e-02
2714	8.455523e-02
2715	8.309231e-02
2716	8.164363e-02
2717	8.020940e-02
2718	7.879009e-02
2719	7.738637e-02
2720	7.599912e-02
2721	7.462934e-02
2722	7.327804e-02
2723	7.194615e-02
2724	7.063436e-02
2725	6.934309e-02
2726	6.807242e-02
2727	6.682218e-02
2728	6.559203e-02
2729	6.438157e-02
2730	6.319052e-02
2731	6.201877e-02
2732	6.086645e-02
2733	5.973394e-02
2734	5.862185e-02
2735	5.753089e-02
2736	5.646186e-02
2737	5.541549e-02
2738	5.439240e-02
2739	5.339303e-02
2740	5.241759e-02
2741	5.146610e-02
2742	5.053836e-02
2743	4.963407e-02
2744	4.875280e-02
2745	4.789405e-02
2746	4.705725e-02
2747	4.624174e-02
2748	4.544683e-02
2749	4.467176e-02
2750	4.391581e-02
2751	4.317827e-02
2752	4.245854e-02
2753	4.175613e-02
2754	4.107059e-02
2755	4.040149e-02
2756	3.974834e-02
2757	3.911056e-02
2758	3.848742e-02
2759	3.787818e-02
2760	3.728208e-02
2761	3.669851e-02
2762	3.612706e-02
2763	3.556762e-02
2764	3.502034e-02
2765	3.448567e-02
2766	3.396429e-02
2767	3.345704e-02
2768	3.296488e-02
2769	3.248880e-02
2770	3.202972e-02
2771	3.158837e-02
2772	3.116524e-02
2773	3.076045e-02
2774	3.037379e-02
2775	3.000474e-02
2776	2.965260e-02
2777	2.931668e-02
2778	2.899647e-02
2779	2.869187e-02
2780	2.840322e-02
2781	2.813137e-02
2782	2.787753e-02
2783	2.764315e-02
2784	2.742968e-02
2785	2.723834e-02
2786	2.707002e-02
2787	2.692513e-02
2788	2.680359e-02
2789	2.670487e-02
2790	2.662806e-02
2791	2.657195e-02
2792	2.653506e-02
2793	2.651579e-02
2794	2.651238e-02
2795	2.652311e-02
2796	2.654633e-02
2797	2.658059e-02
2798	2.662478e-02
2799	2.667816e-02
2800	2.674043e-02
2801	2.681167e-02
2802	2.689221e-02
2803	2.698259e-02
2804	2.708332e-02
2805	2.719485e-02
2806	2.731742e-02
2807	2.745102e-02
2808	2.759540e-02
2809	2.775006e-02
2810	2.791428e-02
2811	2.808720e-02
2812	2.826784e-02
2813	2.845519e-02
2814	2.864826e-02
2815	2.884613e-02
2816	2.904801e-02
2817	2.925323e-02
2818	2.946125e-02
2819	2.967167e-02
2820	2.988419e-02
2821	3.009861e-02
2822	3.031482e-02
2823	3.053271e-02
2824	3.075221e-02
2825	3.097317e-02
2826	3.119535e-02
2827	3.141840e-02
2828	3.164188e-02
2829	3.186530e-02
2830	3.208825e-02
2831	3.231039e-02
2832	3.253155e-02
2833	3.275167e-02
2834	3.297079e-02
2835	3.318892e-02
2836	3.340602e-02
2837	3.362196e-02
2838	3.383654e-02
2839	3.404963e-02
2840	3.426129e-02
2841	3.447185e-02
2842	3.468197e-02
2843	3.489265e-02
2844	3.510512e-02
2845	3.532069e-02
2846	3.554063e-02
2847	3.576602e-02
2848	3.599769e-02
2849	3.623621e-02
2850	3.648183e-02
2851	3.673453e-02
2852	3.699407e-02
2853	3.726004e-02
2854	3.753195e-02
2855	3.780936e-02
2856	3.809202e-02
2857	3.838004e-02
2858	3.867399e-02
2859	3.897493e-02
2860	3.928432e-02
2861	3.960386e-02
2862	3.993522e-02
2863	4.027983e-02
2864	4.063862e-02
2865	4.101198e-02
2866	4.139973e-02
2867	4.180120e-02
2868	4.221537e-02
2869	4.264099e-02
2870	4.307666e-02
2871	4.352094e-02
2872	4.397236e-02
2873	4.442958e-02
2874	4.489143e-02
2875	4.535704e-02
2876	4.582593e-02
2877	4.629803e-02
2878	4.677357e-02
2879	4.725300e-02
2880	4.773668e-02
2881	4.822477e-02
2882	4.871703e-02
2883	4.921279e-02
2884	4.971094e-02
2885	5.021010e-02
2886	5.070870e-02
2887	5.120513e-02
2888	5.169788e-02
2889	5.218564e-02
2890	5.266745e-02
2891	5.314279e-02
2892	5.361164e-02
2893	5.407450e-02
2894	5.453233e-02
2895	5.498636e-02
2896	5.543792e-02
2897	5.588816e-02
2898	5.633797e-02
2899	5.678783e-02
2900	5.723786e-02
2901	5.768793e-02
2902	5.813774e-02
2903	5.858693e-02
2904	5.903503e-02
2905	5.948150e-02
2906	5.992558e-02
2907	6.036633e-02
2908	6.080261e-02
2909	6.123324e-02
2910	6.165706e-02
2911	6.207315e-02
2912	6.248082e-02
2913	6.287966e-02
2914	6.326945e-02
2915	6.365007e-02
2916	6.402135e-02
2917	6.438302e-02
2918	6.473467e-02
2919	6.507572e-02
2920	6.540546e-02
2921	6.572309e-02
2922	6.602781e-02
2923	6.631887e-02
2924	6.659564e-02
2925	6.685775e-02
2926	6.710508e-02
2927	6.733784e-02
2928	6.755650e-02
2929	6.776170e-02
2930	6.795412e-02
2931	6.813438e-02
2932	6.830283e-02
2933	6.845952e-02
2934	6.860411e-02
2935	6.873582e-02
2936	6.885348e-02
2937	6.895554e-02
2938	6.904021e-02
2939	6.910552e-02
2940	6.914953e-02
2941	6.917052e-02
2942	6.916717e-02
2943	6.913868e-02
2944	6.908489e-02
2945	6.900624e-02
2946	6.890378e-02
2947	6.877903e-02
2948	6.863388e-02
2949	6.847046e-02
2950	6.829102e-02
2951	6.809776e-02
2952	6.789274e-02
2953	6.767772e-02
2954	6.745406e-02
2955	6.722260e-02
2956	6.698366e-02
2957	6.673708e-02
2958	6.648226e-02
2959	6.621827e-02
2960	6.594400e-02
2961	6.565821e-02
2962	6.535968e-02
2963	6.504723e-02
2964	6.471986e-02
2965	6.437673e-02
2966	6.401724e-02
2967	6.364103e-02
2968	6.324795e-02
2969	6.283800e-02
2970	6.241128e-02
2971	6.196783e-02
2972	6.150768e-02
2973	6.103069e-02
2974	6.053666e-02
2975	6.002526e-02
2976	5.949613e-02
2977	5.894891e-02
2978	5.838328e-02
2979	5.779905e-02
2980	5.719618e-02
2981	5.657482e-02
2982	5.593534e-02
2983	5.527822e-02
2984	5.460400e-02
2985	5.391319e-02
2986	5.320612e-02
2987	5.248288e-02
2988	5.174333e-02
2989	5.098717e-02
2990	5.021407e-02
2991	4.942380e-02
2992	4.861638e-02
2993	4.779215e-02
2994	4.695178e-02
2995	4.609628e-02
2996	4.522684e-02
2997	4.434479e-02
2998	4.345146e-02
2999	4.254806e-02
3000	4.163555e-02
