0	0.000000e+00
1	-8.910122e-08
2	-4.130819e-07
3	-1.117680e-06
4	-2.348569e-06
5	-4.251335e-06
6	-6.971454e-06
7	-1.065427e-05
8	-1.544495e-05
9	-2.148852e-05
10	-2.892975e-05
11	-3.791322e-05
12	-4.858324e-05
13	-6.108384e-05
14	-7.555876e-05
15	-9.215140e-05
16	-1.110048e-04
17	-1.322617e-04
18	-1.560644e-04
19	-1.825547e-04
20	-2.118741e-04
21	-2.441635e-04
22	-2.795634e-04
23	-3.182137e-04
24	-3.602540e-04
25	-4.058230e-04
26	-4.550589e-04
27	-5.080995e-04
28	-5.650819e-04
29	-6.261422e-04
30	-6.914163e-04
31	-7.610391e-04
32	-8.351449e-04
33	-9.138671e-04
34	-9.973385e-04
35	-1.085691e-03
36	-1.179056e-03
37	-1.277563e-03
38	-1.381341e-03
39	-1.490520e-03
40	-1.605227e-03
41	-1.725588e-03
42	-1.851729e-03
43	-1.983774e-03
44	-2.121847e-03
45	-2.266070e-03
46	-2.416566e-03
47	-2.573454e-03
48	-2.736855e-03
49	-2.906885e-03
50	-3.083664e-03
51	-3.267308e-03
52	-3.457931e-03
53	-3.655650e-03
54	-3.860577e-03
55	-4.072825e-03
56	-4.292506e-03
57	-4.519730e-03
58	-4.754607e-03
59	-4.997242e-03
60	-5.247742e-03
61	-5.506208e-03
62	-5.772741e-03
63	-6.047438e-03
64	-6.330390e-03
65	-6.621687e-03
66	-6.921415e-03
67	-7.229653e-03
68	-7.546480e-03
69	-7.871967e-03
70	-8.206187e-03
71	-8.549207e-03
72	-8.901097e-03
73	-9.261925e-03
74	-9.631761e-03
75	-1.001068e-02
76	-1.039876e-02
77	-1.079609e-02
78	-1.120275e-02
79	-1.161885e-02
80	-1.204448e-02
81	-1.247975e-02
82	-1.292478e-02
83	-1.337968e-02
84	-1.384455e-02
85	-1.431951e-02
86	-1.480466e-02
87	-1.530010e-02
88	-1.580591e-02
89	-1.632217e-02
90	-1.684894e-02
91	-1.738628e-02
92	-1.793423e-02
93	-1.849281e-02
94	-1.906207e-02
95	-1.964201e-02
96	-2.023266e-02
97	-2.083404e-02
98	-2.144616e-02
99	-2.206905e-02
100	-2.270274e-02
101	-2.334725e-02
102	-2.400261e-02
103	-2.466885e-02
104	-2.534600e-02
105	-2.603408e-02
106	-2.673310e-02
107	-2.744309e-02
108	-2.816402e-02
109	-2.889591e-02
110	-2.963872e-02
111	-3.039245e-02
112	-3.115704e-02
113	-3.193248e-02
114	-3.271872e-02
115	-3.351573e-02
116	-3.432348e-02
117	-3.514194e-02
118	-3.597108e-02
119	-3.681089e-02
120	-3.766133e-02
121	-3.852239e-02
122	-3.939405e-02
123	-4.027628e-02
124	-4.116905e-02
125	-4.207233e-02
126	-4.298606e-02
127	-4.391019e-02
128	-4.484467e-02
129	-4.578943e-02
130	-4.674440e-02
131	-4.770952e-02
132	-4.868471e-02
133	-4.966990e-02
134	-5.066505e-02
135	-5.167008e-02
136	-5.268495e-02
137	-5.370960e-02
138	-5.474398e-02
139	-5.578803e-02
140	-5.684170e-02
141	-5.790494e-02
142	-5.897766e-02
143	-6.005981e-02
144	-6.115131e-02
145	-6.225206e-02
146	-6.336198e-02
147	-6.448099e-02
148	-6.560898e-02
149	-6.674588e-02
150	-6.789159e-02
151	-6.904603e-02
152	-7.020911e-02
153	-7.138074e-02
154	-7.256085e-02
155	-7.374935e-02
156	-7.494613e-02
157	-7.615111e-02
158	-7.736419e-02
159	-7.858523e-02
160	-7.981414e-02
161	-8.105077e-02
162	-8.229501e-02
163	-8.354673e-02
164	-8.480578e-02
165	-8.607207e-02
166	-8.734546e-02
167	-8.862585e-02
168	-8.991314e-02
169	-9.120724e-02
170	-9.250808e-02
171	-9.381556e-02
172	-9.512962e-02
173	-9.645019e-02
174	-9.777717e-02
175	-9.911049e-02
176	-1.004501e-01
177	-1.017958e-01
178	-1.031475e-01
179	-1.045052e-01
180	-1.058686e-01
181	-1.072377e-01
182	-1.086123e-01
183	-1.099922e-01
184	-1.113774e-01
185	-1.127676e-01
186	-1.141628e-01
187	-1.155627e-01
188	-1.169672e-01
189	-1.183761e-01
190	-1.197894e-01
191	-1.212067e-01
192	-1.226281e-01
193	-1.240532e-01
194	-1.254820e-01
195	-1.269143e-01
196	-1.283499e-01
197	-1.297887e-01
198	-1.312305e-01
199	-1.326751e-01
200	-1.341224e-01
201	-1.355723e-01
202	-1.370245e-01
203	-1.384790e-01
204	-1.399355e-01
205	-1.413938e-01
206	-1.428539e-01
207	-1.443155e-01
208	-1.457784e-01
209	-1.472425e-01
210	-1.487076e-01
211	-1.501735e-01
212	-1.516401e-01
213	-1.531071e-01
214	-1.545744e-01
215	-1.560419e-01
216	-1.575094e-01
217	-1.589767e-01
218	-1.604438e-01
219	-1.619105e-01
220	-1.633766e-01
221	-1.648419e-01
222	-1.663064e-01
223	-1.677699e-01
224	-1.692321e-01
225	-1.706928e-01
226	-1.721520e-01
227	-1.736094e-01
228	-1.750649e-01
229	-1.765182e-01
230	-1.779693e-01
231	-1.794179e-01
232	-1.808639e-01
233	-1.823071e-01
234	-1.837475e-01
235	-1.851848e-01
236	-1.866190e-01
237	-1.880498e-01
238	-1.894771e-01
239	-1.909007e-01
240	-1.923205e-01
241	-1.937363e-01
242	-1.951479e-01
243	-1.965551e-01
244	-1.979576e-01
245	-1.993554e-01
246	-2.007483e-01
247	-2.021360e-01
248	-2.035184e-01
249	-2.048953e-01
250	-2.062666e-01
251	-2.076322e-01
252	-2.089917e-01
253	-2.103452e-01
254	-2.116924e-01
255	-2.130331e-01
256	-2.143672e-01
257	-2.156944e-01
258	-2.170146e-01
259	-2.183276e-01
260	-2.196331e-01
261	-2.209310e-01
262	-2.222210e-01
263	-2.235030e-01
264	-2.247768e-01
265	-2.260421e-01
266	-2.272989e-01
267	-2.285469e-01
268	-2.297860e-01
269	-2.310160e-01
270	-2.322367e-01
271	-2.334479e-01
272	-2.346494e-01
273	-2.358411e-01
274	-2.370227e-01
275	-2.381940e-01
276	-2.393548e-01
277	-2.405050e-01
278	-2.416442e-01
279	-2.427723e-01
280	-2.438892e-01
281	-2.449945e-01
282	-2.460882e-01
283	-2.471700e-01
284	-2.482398e-01
285	-2.492974e-01
286	-2.503425e-01
287	-2.513751e-01
288	-2.523949e-01
289	-2.534017e-01
290	-2.543953e-01
291	-2.553756e-01
292	-2.563423e-01
293	-2.572952e-01
294	-2.582341e-01
295	-2.591589e-01
296	-2.600692e-01
297	-2.609651e-01
298	-2.618462e-01
299	-2.627124e-01
300	-2.635635e-01
301	-2.643993e-01
302	-2.652197e-01
303	-2.660245e-01
304	-2.668135e-01
305	-2.675865e-01
306	-2.683433e-01
307	-2.690838e-01
308	-2.698077e-01
309	-2.705149e-01
310	-2.712052e-01
311	-2.718784e-01
312	-2.725344e-01
313	-2.731729e-01
314	-2.737938e-01
315	-2.743969e-01
316	-2.749821e-01
317	-2.755492e-01
318	-2.760981e-01
319	-2.766285e-01
320	-2.771404e-01
321	-2.776335e-01
322	-2.781077e-01
323	-2.785628e-01
324	-2.789987e-01
325	-2.794152e-01
326	-2.798122e-01
327	-2.801895e-01
328	-2.805469e-01
329	-2.808842e-01
330	-2.812015e-01
331	-2.814984e-01
332	-2.817749e-01
333	-2.820308e-01
334	-2.822660e-01
335	-2.824803e-01
336	-2.826736e-01
337	-2.828457e-01
338	-2.829966e-01
339	-2.831261e-01
340	-2.832340e-01
341	-2.833203e-01
342	-2.833847e-01
343	-2.834272e-01
344	-2.834477e-01
345	-2.834459e-01
346	-2.834219e-01
347	-2.833754e-01
348	-2.833064e-01
349	-2.832147e-01
350	-2.831002e-01
351	-2.829629e-01
352	-2.828025e-01
353	-2.826191e-01
354	-2.824124e-01
355	-2.821825e-01
356	-2.819291e-01
357	-2.816522e-01
358	-2.813517e-01
359	-2.810275e-01
360	-2.806795e-01
361	-2.803077e-01
362	-2.799118e-01
363	-2.794918e-01
364	-2.790477e-01
365	-2.785794e-01
366	-2.780867e-01
367	-2.775697e-01
368	-2.770281e-01
369	-2.764620e-01
370	-2.758713e-01
371	-2.752558e-01
372	-2.746156e-01
373	-2.739506e-01
374	-2.732607e-01
375	-2.725458e-01
376	-2.718059e-01
377	-2.710409e-01
378	-2.702508e-01
379	-2.694355e-01
380	-2.685950e-01
381	-2.677292e-01
382	-2.668381e-01
383	-2.659215e-01
384	-2.649796e-01
385	-2.640122e-01
386	-2.630193e-01
387	-2.620009e-01
388	-2.609569e-01
389	-2.598874e-01
390	-2.587922e-01
391	-2.576715e-01
392	-2.565251e-01
393	-2.553531e-01
394	-2.541554e-01
395	-2.529320e-01
396	-2.516829e-01
397	-2.504080e-01
398	-2.491075e-01
399	-2.477812e-01
400	-2.464291e-01
401	-2.450513e-01
402	-2.436478e-01
403	-2.422186e-01
404	-2.407636e-01
405	-2.392829e-01
406	-2.377766e-01
407	-2.362446e-01
408	-2.346869e-01
409	-2.331037e-01
410	-2.314948e-01
411	-2.298604e-01
412	-2.282004e-01
413	-2.265149e-01
414	-2.248039e-01
415	-2.230675e-01
416	-2.213057e-01
417	-2.195186e-01
418	-2.177061e-01
419	-2.158685e-01
420	-2.140056e-01
421	-2.121177e-01
422	-2.102047e-01
423	-2.082668e-01
424	-2.063039e-01
425	-2.043162e-01
426	-2.023037e-01
427	-2.002665e-01
428	-1.982047e-01
429	-1.961184e-01
430	-1.940075e-01
431	-1.918723e-01
432	-1.897128e-01
433	-1.875291e-01
434	-1.853213e-01
435	-1.830895e-01
436	-1.808339e-01
437	-1.785545e-01
438	-1.762514e-01
439	-1.739249e-01
440	-1.715749e-01
441	-1.692016e-01
442	-1.668052e-01
443	-1.643857e-01
444	-1.619432e-01
445	-1.594780e-01
446	-1.569901e-01
447	-1.544796e-01
448	-1.519467e-01
449	-1.493916e-01
450	-1.468144e-01
451	-1.442153e-01
452	-1.415944e-01
453	-1.389519e-01
454	-1.362880e-01
455	-1.336028e-01
456	-1.308964e-01
457	-1.281692e-01
458	-1.254211e-01
459	-1.226524e-01
460	-1.198634e-01
461	-1.170540e-01
462	-1.142246e-01
463	-1.113753e-01
464	-1.085063e-01
465	-1.056178e-01
466	-1.027101e-01
467	-9.978328e-02
468	-9.683761e-02
469	-9.387330e-02
470	-9.089055e-02
471	-8.788959e-02
472	-8.487064e-02
473	-8.183389e-02
474	-7.877958e-02
475	-7.570792e-02
476	-7.261914e-02
477	-6.951348e-02
478	-6.639116e-02
479	-6.325243e-02
480	-6.009753e-02
481	-5.692673e-02
482	-5.374028e-02
483	-5.053844e-02
484	-4.732146e-02
485	-4.408962e-02
486	-4.084316e-02
487	-3.758235e-02
488	-3.430744e-02
489	-3.101869e-02
490	-2.771637e-02
491	-2.440073e-02
492	-2.107204e-02
493	-1.773058e-02
494	-1.437662e-02
495	-1.101045e-02
496	-7.632361e-03
497	-4.242643e-03
498	-8.415948e-04
499	2.570484e-03
500	5.993294e-03
501	9.426536e-03
502	1.286991e-02
503	1.632313e-02
504	1.978588e-02
505	2.325788e-02
506	2.673882e-02
507	3.022841e-02
508	3.372633e-02
509	3.723229e-02
510	4.074595e-02
511	4.426701e-02
512	4.779513e-02
513	5.133000e-02
514	5.487127e-02
515	5.841862e-02
516	6.197171e-02
517	6.553023e-02
518	6.909385e-02
519	7.266224e-02
520	7.623509e-02
521	7.981206e-02
522	8.339284e-02
523	8.697710e-02
524	9.056451e-02
525	9.415474e-02
526	9.774743e-02
527	1.013423e-01
528	1.049389e-01
529	1.085369e-01
530	1.121361e-01
531	1.157360e-01
532	1.193362e-01
533	1.229366e-01
534	1.265366e-01
535	1.301360e-01
536	1.337344e-01
537	1.373316e-01
538	1.409271e-01
539	1.445206e-01
540	1.481119e-01
541	1.517004e-01
542	1.552860e-01
543	1.588681e-01
544	1.624466e-01
545	1.660209e-01
546	1.695909e-01
547	1.731560e-01
548	1.767160e-01
549	1.802705e-01
550	1.838192e-01
551	1.873616e-01
552	1.908976e-01
553	1.944267e-01
554	1.979486e-01
555	2.014630e-01
556	2.049695e-01
557	2.084677e-01
558	2.119574e-01
559	2.154381e-01
560	2.189095e-01
561	2.223713e-01
562	2.258231e-01
563	2.292645e-01
564	2.326953e-01
565	2.361150e-01
566	2.395234e-01
567	2.429201e-01
568	2.463047e-01
569	2.496770e-01
570	2.530366e-01
571	2.563831e-01
572	2.597163e-01
573	2.630359e-01
574	2.663413e-01
575	2.696324e-01
576	2.729088e-01
577	2.761702e-01
578	2.794161e-01
579	2.826464e-01
580	2.858606e-01
581	2.890585e-01
582	2.922396e-01
583	2.954039e-01
584	2.985508e-01
585	3.016801e-01
586	3.047915e-01
587	3.078846e-01
588	3.109592e-01
589	3.140150e-01
590	3.170515e-01
591	3.200686e-01
592	3.230658e-01
593	3.260429e-01
594	3.289996e-01
595	3.319356e-01
596	3.348505e-01
597	3.377441e-01
598	3.406161e-01
599	3.434663e-01
600	3.462942e-01
601	3.490997e-01
602	3.518825e-01
603	3.546422e-01
604	3.573787e-01
605	3.600916e-01
606	3.627806e-01
607	3.654454e-01
608	3.680859e-01
609	3.707015e-01
610	3.732922e-01
611	3.758577e-01
612	3.783976e-01
613	3.809117e-01
614	3.833998e-01
615	3.858616e-01
616	3.882968e-01
617	3.907052e-01
618	3.930865e-01
619	3.954405e-01
620	3.977669e-01
621	4.000654e-01
622	4.023359e-01
623	4.045780e-01
624	4.067915e-01
625	4.089761e-01
626	4.111317e-01
627	4.132580e-01
628	4.153547e-01
629	4.174216e-01
630	4.194586e-01
631	4.214655e-01
632	4.234419e-01
633	4.253878e-01
634	4.273029e-01
635	4.291870e-01
636	4.310399e-01
637	4.328613e-01
638	4.346511e-01
639	4.364090e-01
640	4.381348e-01
641	4.398283e-01
642	4.414894e-01
643	4.431177e-01
644	4.447131e-01
645	4.462754e-01
646	4.478044e-01
647	4.492999e-01
648	4.507617e-01
649	4.521896e-01
650	4.535834e-01
651	4.549430e-01
652	4.562681e-01
653	4.575586e-01
654	4.588143e-01
655	4.600349e-01
656	4.612204e-01
657	4.623706e-01
658	4.634853e-01
659	4.645644e-01
660	4.656077e-01
661	4.666152e-01
662	4.675866e-01
663	4.685218e-01
664	4.694208e-01
665	4.702833e-01
666	4.711092e-01
667	4.718984e-01
668	4.726507e-01
669	4.733660e-01
670	4.740442e-01
671	4.746850e-01
672	4.752884e-01
673	4.758542e-01
674	4.763823e-01
675	4.768725e-01
676	4.773248e-01
677	4.777391e-01
678	4.781152e-01
679	4.784530e-01
680	4.787524e-01
681	4.790134e-01
682	4.792357e-01
683	4.794194e-01
684	4.795642e-01
685	4.796701e-01
686	4.797369e-01
687	4.797647e-01
688	4.797531e-01
689	4.797023e-01
690	4.796120e-01
691	4.794822e-01
692	4.793129e-01
693	4.791038e-01
694	4.788551e-01
695	4.785665e-01
696	4.782380e-01
697	4.778696e-01
698	4.774611e-01
699	4.770126e-01
700	4.765238e-01
701	4.759949e-01
702	4.754256e-01
703	4.748160e-01
704	4.741660e-01
705	4.734756e-01
706	4.727446e-01
707	4.719732e-01
708	4.711612e-01
709	4.703086e-01
710	4.694154e-01
711	4.684815e-01
712	4.675070e-01
713	4.664917e-01
714	4.654357e-01
715	4.643389e-01
716	4.632014e-01
717	4.620231e-01
718	4.608039e-01
719	4.595439e-01
720	4.582431e-01
721	4.569016e-01
722	4.555192e-01
723	4.540961e-01
724	4.526323e-01
725	4.511278e-01
726	4.495826e-01
727	4.479968e-01
728	4.463704e-01
729	4.447034e-01
730	4.429958e-01
731	4.412476e-01
732	4.394588e-01
733	4.376295e-01
734	4.357596e-01
735	4.338492e-01
736	4.318982e-01
737	4.299068e-01
738	4.278750e-01
739	4.258028e-01
740	4.236903e-01
741	4.215375e-01
742	4.193446e-01
743	4.171115e-01
744	4.148385e-01
745	4.125255e-01
746	4.101726e-01
747	4.077799e-01
748	4.053476e-01
749	4.028757e-01
750	4.003644e-01
751	3.978136e-01
752	3.952236e-01
753	3.925945e-01
754	3.899263e-01
755	3.872193e-01
756	3.844735e-01
757	3.816892e-01
758	3.788663e-01
759	3.760051e-01
760	3.731057e-01
761	3.701683e-01
762	3.671929e-01
763	3.641798e-01
764	3.611291e-01
765	3.580410e-01
766	3.549156e-01
767	3.517532e-01
768	3.485538e-01
769	3.453177e-01
770	3.420451e-01
771	3.387363e-01
772	3.353913e-01
773	3.320104e-01
774	3.285938e-01
775	3.251418e-01
776	3.216545e-01
777	3.181321e-01
778	3.145749e-01
779	3.109832e-01
780	3.073570e-01
781	3.036967e-01
782	3.000025e-01
783	2.962747e-01
784	2.925134e-01
785	2.887191e-01
786	2.848919e-01
787	2.810321e-01
788	2.771400e-01
789	2.732160e-01
790	2.692602e-01
791	2.652730e-01
792	2.612547e-01
793	2.572056e-01
794	2.531259e-01
795	2.490160e-01
796	2.448761e-01
797	2.407067e-01
798	2.365081e-01
799	2.322804e-01
800	2.280242e-01
801	2.237398e-01
802	2.194274e-01
803	2.150876e-01
804	2.107205e-01
805	2.063266e-01
806	2.019062e-01
807	1.974598e-01
808	1.929875e-01
809	1.884900e-01
810	1.839674e-01
811	1.794202e-01
812	1.748487e-01
813	1.702534e-01
814	1.656347e-01
815	1.609928e-01
816	1.563284e-01
817	1.516417e-01
818	1.469333e-01
819	1.422034e-01
820	1.374526e-01
821	1.326813e-01
822	1.278899e-01
823	1.230789e-01
824	1.182486e-01
825	1.133995e-01
826	1.085320e-01
827	1.036466e-01
828	9.874371e-02
829	9.382376e-02
830	8.888722e-02
831	8.393455e-02
832	7.896623e-02
833	7.398273e-02
834	6.898453e-02
835	6.397212e-02
836	5.894599e-02
837	5.390663e-02
838	4.885453e-02
839	4.379017e-02
840	3.871405e-02
841	3.362666e-02
842	2.852848e-02
843	2.342001e-02
844	1.830174e-02
845	1.317417e-02
846	8.037791e-03
847	2.893118e-03
848	-2.259341e-03
849	-7.419071e-03
850	-1.258555e-02
851	-1.775827e-02
852	-2.293669e-02
853	-2.812030e-02
854	-3.330856e-02
855	-3.850095e-02
856	-4.369695e-02
857	-4.889601e-02
858	-5.409763e-02
859	-5.930125e-02
860	-6.450636e-02
861	-6.971242e-02
862	-7.491890e-02
863	-8.012528e-02
864	-8.533102e-02
865	-9.053560e-02
866	-9.573849e-02
867	-1.009392e-01
868	-1.061371e-01
869	-1.113319e-01
870	-1.165228e-01
871	-1.217095e-01
872	-1.268914e-01
873	-1.320680e-01
874	-1.372388e-01
875	-1.424033e-01
876	-1.475610e-01
877	-1.527113e-01
878	-1.578537e-01
879	-1.629877e-01
880	-1.681129e-01
881	-1.732286e-01
882	-1.783343e-01
883	-1.834297e-01
884	-1.885141e-01
885	-1.935870e-01
886	-1.986480e-01
887	-2.036966e-01
888	-2.087322e-01
889	-2.137543e-01
890	-2.187625e-01
891	-2.237563e-01
892	-2.287351e-01
893	-2.336984e-01
894	-2.386458e-01
895	-2.435767e-01
896	-2.484907e-01
897	-2.533872e-01
898	-2.582658e-01
899	-2.631260e-01
900	-2.679674e-01
901	-2.727895e-01
902	-2.775918e-01
903	-2.823739e-01
904	-2.871354e-01
905	-2.918758e-01
906	-2.965946e-01
907	-3.012915e-01
908	-3.059659e-01
909	-3.106174e-01
910	-3.152456e-01
911	-3.198499e-01
912	-3.244301e-01
913	-3.289855e-01
914	-3.335157e-01
915	-3.380203e-01
916	-3.424990e-01
917	-3.469511e-01
918	-3.513764e-01
919	-3.557743e-01
920	-3.601446e-01
921	-3.644867e-01
922	-3.688004e-01
923	-3.730851e-01
924	-3.773405e-01
925	-3.815661e-01
926	-3.857617e-01
927	-3.899267e-01
928	-3.940608e-01
929	-3.981635e-01
930	-4.022346e-01
931	-4.062736e-01
932	-4.102802e-01
933	-4.142539e-01
934	-4.181945e-01
935	-4.221015e-01
936	-4.259746e-01
937	-4.298134e-01
938	-4.336177e-01
939	-4.373870e-01
940	-4.411210e-01
941	-4.448194e-01
942	-4.484818e-01
943	-4.521080e-01
944	-4.556975e-01
945	-4.592502e-01
946	-4.627656e-01
947	-4.662434e-01
948	-4.696834e-01
949	-4.730853e-01
950	-4.764487e-01
951	-4.797734e-01
952	-4.830590e-01
953	-4.863054e-01
954	-4.895121e-01
955	-4.926790e-01
956	-4.958058e-01
957	-4.988921e-01
958	-5.019378e-01
959	-5.049425e-01
960	-5.079060e-01
961	-5.108281e-01
962	-5.137085e-01
963	-5.165470e-01
964	-5.193434e-01
965	-5.220973e-01
966	-5.248087e-01
967	-5.274772e-01
968	-5.301027e-01
969	-5.326850e-01
970	-5.352237e-01
971	-5.377188e-01
972	-5.401699e-01
973	-5.425769e-01
974	-5.449395e-01
975	-5.472575e-01
976	-5.495308e-01
977	-5.517590e-01
978	-5.539421e-01
979	-5.560798e-01
980	-5.581719e-01
981	-5.602183e-01
982	-5.622188e-01
983	-5.641732e-01
984	-5.660813e-01
985	-5.679430e-01
986	-5.697581e-01
987	-5.715265e-01
988	-5.732480e-01
989	-5.749225e-01
990	-5.765498e-01
991	-5.781298e-01
992	-5.796624e-01
993	-5.811475e-01
994	-5.825850e-01
995	-5.839746e-01
996	-5.853164e-01
997	-5.866102e-01
998	-5.878559e-01
999	-5.890534e-01
1000	-5.902026e-01
1001	-5.913032e-01
1002	-5.923554e-01
1003	-5.933588e-01
1004	-5.943135e-01
1005	-5.952193e-01
1006	-5.960760e-01
1007	-5.968837e-01
1008	-5.976423e-01
1009	-5.983516e-01
1010	-5.990116e-01
1011	-5.996221e-01
1012	-6.001833e-01
1013	-6.006949e-01
1014	-6.011569e-01
1015	-6.015692e-01
1016	-6.019319e-01
1017	-6.022447e-01
1018	-6.025077e-01
1019	-6.027207e-01
1020	-6.028837e-01
1021	-6.029967e-01
1022	-6.030596e-01
1023	-6.030723e-01
1024	-6.030347e-01
1025	-6.029469e-01
1026	-6.028089e-01
1027	-6.026205e-01
1028	-6.023817e-01
1029	-6.020925e-01
1030	-6.017530e-01
1031	-6.013630e-01
1032	-6.009226e-01
1033	-6.004318e-01
1034	-5.998904e-01
1035	-5.992986e-01
1036	-5.986562e-01
1037	-5.979634e-01
1038	-5.972201e-01
1039	-5.964262e-01
1040	-5.955819e-01
1041	-5.946871e-01
1042	-5.937418e-01
1043	-5.927460e-01
1044	-5.916998e-01
1045	-5.906032e-01
1046	-5.894562e-01
1047	-5.882588e-01
1048	-5.870111e-01
1049	-5.857131e-01
1050	-5.843647e-01
1051	-5.829662e-01
1052	-5.815173e-01
1053	-5.800184e-01
1054	-5.784692e-01
1055	-5.768700e-01
1056	-5.752208e-01
1057	-5.735216e-01
1058	-5.717725e-01
1059	-5.699736e-01
1060	-5.681249e-01
1061	-5.662265e-01
1062	-5.642785e-01
1063	-5.622810e-01
1064	-5.602339e-01
1065	-5.581375e-01
1066	-5.559917e-01
1067	-5.537967e-01
1068	-5.515526e-01
1069	-5.492593e-01
1070	-5.469172e-01
1071	-5.445262e-01
1072	-5.420864e-01
1073	-5.395980e-01
1074	-5.370611e-01
1075	-5.344759e-01
1076	-5.318423e-01
1077	-5.291607e-01
1078	-5.264310e-01
1079	-5.236535e-01
1080	-5.208282e-01
1081	-5.179553e-01
1082	-5.150350e-01
1083	-5.120674e-01
1084	-5.090526e-01
1085	-5.059908e-01
1086	-5.028821e-01
1087	-4.997268e-01
1088	-4.965251e-01
1089	-4.932769e-01
1090	-4.899827e-01
1091	-4.866425e-01
1092	-4.832566e-01
1093	-4.798250e-01
1094	-4.763481e-01
1095	-4.728260e-01
1096	-4.692589e-01
1097	-4.656469e-01
1098	-4.619904e-01
1099	-4.582895e-01
1100	-4.545445e-01
1101	-4.507555e-01
1102	-4.469228e-01
1103	-4.430467e-01
1104	-4.391273e-01
1105	-4.351650e-01
1106	-4.311599e-01
1107	-4.271124e-01
1108	-4.230227e-01
1109	-4.188910e-01
1110	-4.147176e-01
1111	-4.105029e-01
1112	-4.062470e-01
1113	-4.019502e-01
1114	-3.976128e-01
1115	-3.932351e-01
1116	-3.888174e-01
1117	-3.843600e-01
1118	-3.798631e-01
1119	-3.753272e-01
1120	-3.707525e-01
1121	-3.661394e-01
1122	-3.614881e-01
1123	-3.567991e-01
1124	-3.520726e-01
1125	-3.473091e-01
1126	-3.425088e-01
1127	-3.376721e-01
1128	-3.327994e-01
1129	-3.278911e-01
1130	-3.229474e-01
1131	-3.179688e-01
1132	-3.129557e-01
1133	-3.079084e-01
1134	-3.028273e-01
1135	-2.977129e-01
1136	-2.925654e-01
1137	-2.873855e-01
1138	-2.821733e-01
1139	-2.769295e-01
1140	-2.716543e-01
1141	-2.663483e-01
1142	-2.610119e-01
1143	-2.556455e-01
1144	-2.502495e-01
1145	-2.448245e-01
1146	-2.393708e-01
1147	-2.338890e-01
1148	-2.283795e-01
1149	-2.228427e-01
1150	-2.172792e-01
1151	-2.116893e-01
1152	-2.060737e-01
1153	-2.004327e-01
1154	-1.947669e-01
1155	-1.890767e-01
1156	-1.833627e-01
1157	-1.776253e-01
1158	-1.718651e-01
1159	-1.660826e-01
1160	-1.602783e-01
1161	-1.544527e-01
1162	-1.486063e-01
1163	-1.427398e-01
1164	-1.368535e-01
1165	-1.309481e-01
1166	-1.250242e-01
1167	-1.190821e-01
1168	-1.131226e-01
1169	-1.071461e-01
1170	-1.011532e-01
1171	-9.514436e-02
1172	-8.912027e-02
1173	-8.308143e-02
1174	-7.702843e-02
1175	-7.096182e-02
1176	-6.488220e-02
1177	-5.879013e-02
1178	-5.268622e-02
1179	-4.657105e-02
1180	-4.044521e-02
1181	-3.430930e-02
1182	-2.816392e-02
1183	-2.200967e-02
1184	-1.584714e-02
1185	-9.676933e-03
1186	-3.499653e-03
1187	2.684099e-03
1188	8.873719e-03
1189	1.506860e-02
1190	2.126813e-02
1191	2.747170e-02
1192	3.367870e-02
1193	3.988849e-02
1194	4.610047e-02
1195	5.231399e-02
1196	5.852845e-02
1197	6.474321e-02
1198	7.095763e-02
1199	7.717110e-02
1200	8.338298e-02
1201	8.959263e-02
1202	9.579944e-02
1203	1.020028e-01
1204	1.082020e-01
1205	1.143964e-01
1206	1.205855e-01
1207	1.267686e-01
1208	1.329451e-01
1209	1.391142e-01
1210	1.452755e-01
1211	1.514281e-01
1212	1.575717e-01
1213	1.637054e-01
1214	1.698286e-01
1215	1.759408e-01
1216	1.820413e-01
1217	1.881295e-01
1218	1.942047e-01
1219	2.002664e-01
1220	2.063138e-01
1221	2.123464e-01
1222	2.183636e-01
1223	2.243647e-01
1224	2.303492e-01
1225	2.363163e-01
1226	2.422655e-01
1227	2.481962e-01
1228	2.541077e-01
1229	2.599995e-01
1230	2.658710e-01
1231	2.717215e-01
1232	2.775505e-01
1233	2.833573e-01
1234	2.891414e-01
1235	2.949022e-01
1236	3.006391e-01
1237	3.063515e-01
1238	3.120388e-01
1239	3.177005e-01
1240	3.233359e-01
1241	3.289444e-01
1242	3.345256e-01
1243	3.400788e-01
1244	3.456035e-01
1245	3.510991e-01
1246	3.565651e-01
1247	3.620010e-01
1248	3.674061e-01
1249	3.727800e-01
1250	3.781222e-01
1251	3.834320e-01
1252	3.887090e-01
1253	3.939527e-01
1254	3.991626e-01
1255	4.043380e-01
1256	4.094785e-01
1257	4.145836e-01
1258	4.196528e-01
1259	4.246856e-01
1260	4.296814e-01
1261	4.346398e-01
1262	4.395603e-01
1263	4.444425e-01
1264	4.492858e-01
1265	4.540899e-01
1266	4.588542e-01
1267	4.635784e-01
1268	4.682619e-01
1269	4.729043e-01
1270	4.775052e-01
1271	4.820642e-01
1272	4.865807e-01
1273	4.910545e-01
1274	4.954849e-01
1275	4.998716e-01
1276	5.042143e-01
1277	5.085124e-01
1278	5.127656e-01
1279	5.169735e-01
1280	5.211357e-01
1281	5.252519e-01
1282	5.293216e-01
1283	5.333446e-01
1284	5.373203e-01
1285	5.412486e-01
1286	5.451290e-01
1287	5.489612e-01
1288	5.527449e-01
1289	5.564796e-01
1290	5.601651e-01
1291	5.638011e-01
1292	5.673871e-01
1293	5.709228e-01
1294	5.744081e-01
1295	5.778425e-01
1296	5.812257e-01
1297	5.845576e-01
1298	5.878377e-01
1299	5.910659e-01
1300	5.942418e-01
1301	5.973652e-01
1302	6.004359e-01
1303	6.034535e-01
1304	6.064179e-01
1305	6.093287e-01
1306	6.121858e-01
1307	6.149889e-01
1308	6.177378e-01
1309	6.204322e-01
1310	6.230720e-01
1311	6.256569e-01
1312	6.281866e-01
1313	6.306612e-01
1314	6.330802e-01
1315	6.354436e-01
1316	6.377512e-01
1317	6.400028e-01
1318	6.421982e-01
1319	6.443373e-01
1320	6.464199e-01
1321	6.484458e-01
1322	6.504149e-01
1323	6.523270e-01
1324	6.541820e-01
1325	6.559797e-01
1326	6.577200e-01
1327	6.594028e-01
1328	6.610279e-01
1329	6.625952e-01
1330	6.641046e-01
1331	6.655560e-01
1332	6.669493e-01
1333	6.682844e-01
1334	6.695613e-01
1335	6.707797e-01
1336	6.719397e-01
1337	6.730411e-01
1338	6.740839e-01
1339	6.750679e-01
1340	6.759932e-01
1341	6.768595e-01
1342	6.776670e-01
1343	6.784154e-01
1344	6.791047e-01
1345	6.797349e-01
1346	6.803060e-01
1347	6.808179e-01
1348	6.812705e-01
1349	6.816639e-01
1350	6.819979e-01
1351	6.822726e-01
1352	6.824880e-01
1353	6.826440e-01
1354	6.827406e-01
1355	6.827777e-01
1356	6.827555e-01
1357	6.826737e-01
1358	6.825326e-01
1359	6.823319e-01
1360	6.820718e-01
1361	6.817523e-01
1362	6.813732e-01
1363	6.809348e-01
1364	6.804369e-01
1365	6.798797e-01
1366	6.792630e-01
1367	6.785871e-01
1368	6.778517e-01
1369	6.770571e-01
1370	6.762032e-01
1371	6.752901e-01
1372	6.743177e-01
1373	6.732862e-01
1374	6.721955e-01
1375	6.710458e-01
1376	6.698371e-01
1377	6.685693e-01
1378	6.672427e-01
1379	6.658572e-01
1380	6.644130e-01
1381	6.629100e-01
1382	6.613485e-01
1383	6.597283e-01
1384	6.580497e-01
1385	6.563127e-01
1386	6.545174e-01
1387	6.526638e-01
1388	6.507521e-01
1389	6.487824e-01
1390	6.467547e-01
1391	6.446692e-01
1392	6.425259e-01
1393	6.403251e-01
1394	6.380667e-01
1395	6.357509e-01
1396	6.333779e-01
1397	6.309478e-01
1398	6.284607e-01
1399	6.259168e-01
1400	6.233161e-01
1401	6.206589e-01
1402	6.179452e-01
1403	6.151752e-01
1404	6.123491e-01
1405	6.094670e-01
1406	6.065291e-01
1407	6.035356e-01
1408	6.004866e-01
1409	5.973823e-01
1410	5.942228e-01
1411	5.910084e-01
1412	5.877393e-01
1413	5.844157e-01
1414	5.810378e-01
1415	5.776057e-01
1416	5.741197e-01
1417	5.705801e-01
1418	5.669870e-01
1419	5.633407e-01
1420	5.596414e-01
1421	5.558893e-01
1422	5.520847e-01
1423	5.482279e-01
1424	5.443191e-01
1425	5.403586e-01
1426	5.363466e-01
1427	5.322835e-01
1428	5.281695e-01
1429	5.240049e-01
1430	5.197899e-01
1431	5.155250e-01
1432	5.112104e-01
1433	5.068464e-01
1434	5.024333e-01
1435	4.979714e-01
1436	4.934611e-01
1437	4.889026e-01
1438	4.842964e-01
1439	4.796428e-01
1440	4.749420e-01
1441	4.701946e-01
1442	4.654008e-01
1443	4.605610e-01
1444	4.556756e-01
1445	4.507450e-01
1446	4.457696e-01
1447	4.407498e-01
1448	4.356860e-01
1449	4.305785e-01
1450	4.254279e-01
1451	4.202346e-01
1452	4.149989e-01
1453	4.097213e-01
1454	4.044023e-01
1455	3.990422e-01
1456	3.936415e-01
1457	3.882007e-01
1458	3.827203e-01
1459	3.772006e-01
1460	3.716421e-01
1461	3.660454e-01
1462	3.604108e-01
1463	3.547389e-01
1464	3.490302e-01
1465	3.432851e-01
1466	3.375041e-01
1467	3.316877e-01
1468	3.258364e-01
1469	3.199507e-01
1470	3.140312e-01
1471	3.080783e-01
1472	3.020926e-01
1473	2.960746e-01
1474	2.900248e-01
1475	2.839438e-01
1476	2.778320e-01
1477	2.716901e-01
1478	2.655187e-01
1479	2.593181e-01
1480	2.530891e-01
1481	2.468322e-01
1482	2.405480e-01
1483	2.342369e-01
1484	2.278997e-01
1485	2.215368e-01
1486	2.151488e-01
1487	2.087364e-01
1488	2.023002e-01
1489	1.958406e-01
1490	1.893583e-01
1491	1.828540e-01
1492	1.763281e-01
1493	1.697814e-01
1494	1.632144e-01
1495	1.566277e-01
1496	1.500220e-01
1497	1.433980e-01
1498	1.367561e-01
1499	1.300971e-01
1500	1.234216e-01
1501	1.167302e-01
1502	1.100236e-01
1503	1.033025e-01
1504	9.656738e-02
1505	8.981901e-02
1506	8.305802e-02
1507	7.628505e-02
1508	6.950076e-02
1509	6.270582e-02
1510	5.590088e-02
1511	4.908661e-02
1512	4.226367e-02
1513	3.543274e-02
1514	2.859448e-02
1515	2.174956e-02
1516	1.489867e-02
1517	8.042468e-03
1518	1.181641e-03
1519	-5.683136e-03
1520	-1.255119e-02
1521	-1.942183e-02
1522	-2.629439e-02
1523	-3.316818e-02
1524	-4.004253e-02
1525	-4.691675e-02
1526	-5.379017e-02
1527	-6.066211e-02
1528	-6.753188e-02
1529	-7.439880e-02
1530	-8.126219e-02
1531	-8.812138e-02
1532	-9.497567e-02
1533	-1.018244e-01
1534	-1.086669e-01
1535	-1.155024e-01
1536	-1.223304e-01
1537	-1.291500e-01
1538	-1.359607e-01
1539	-1.427618e-01
1540	-1.495526e-01
1541	-1.563325e-01
1542	-1.631007e-01
1543	-1.698567e-01
1544	-1.765998e-01
1545	-1.833292e-01
1546	-1.900445e-01
1547	-1.967448e-01
1548	-2.034297e-01
1549	-2.100984e-01
1550	-2.167504e-01
1551	-2.233849e-01
1552	-2.300014e-01
1553	-2.365992e-01
1554	-2.431777e-01
1555	-2.497363e-01
1556	-2.562744e-01
1557	-2.627914e-01
1558	-2.692865e-01
1559	-2.757593e-01
1560	-2.822091e-01
1561	-2.886353e-01
1562	-2.950372e-01
1563	-3.014143e-01
1564	-3.077660e-01
1565	-3.140917e-01
1566	-3.203907e-01
1567	-3.266625e-01
1568	-3.329065e-01
1569	-3.391221e-01
1570	-3.453088e-01
1571	-3.514659e-01
1572	-3.575930e-01
1573	-3.636894e-01
1574	-3.697546e-01
1575	-3.757881e-01
1576	-3.817892e-01
1577	-3.877575e-01
1578	-3.936924e-01
1579	-3.995934e-01
1580	-4.054599e-01
1581	-4.112914e-01
1582	-4.170874e-01
1583	-4.228473e-01
1584	-4.285706e-01
1585	-4.342569e-01
1586	-4.399055e-01
1587	-4.455161e-01
1588	-4.510881e-01
1589	-4.566210e-01
1590	-4.621143e-01
1591	-4.675676e-01
1592	-4.729803e-01
1593	-4.783520e-01
1594	-4.836823e-01
1595	-4.889706e-01
1596	-4.942165e-01
1597	-4.994196e-01
1598	-5.045794e-01
1599	-5.096955e-01
1600	-5.147673e-01
1601	-5.197946e-01
1602	-5.247768e-01
1603	-5.297135e-01
1604	-5.346043e-01
1605	-5.394487e-01
1606	-5.442464e-01
1607	-5.489970e-01
1608	-5.536999e-01
1609	-5.583549e-01
1610	-5.629615e-01
1611	-5.675193e-01
1612	-5.720279e-01
1613	-5.764870e-01
1614	-5.808962e-01
1615	-5.852551e-01
1616	-5.895634e-01
1617	-5.938206e-01
1618	-5.980265e-01
1619	-6.021807e-01
1620	-6.062828e-01
1621	-6.103325e-01
1622	-6.143295e-01
1623	-6.182734e-01
1624	-6.221640e-01
1625	-6.260008e-01
1626	-6.297837e-01
1627	-6.335122e-01
1628	-6.371860e-01
1629	-6.408049e-01
1630	-6.443686e-01
1631	-6.478768e-01
1632	-6.513292e-01
1633	-6.547255e-01
1634	-6.580655e-01
1635	-6.613488e-01
1636	-6.645754e-01
1637	-6.677448e-01
1638	-6.708568e-01
1639	-6.739113e-01
1640	-6.769079e-01
1641	-6.798464e-01
1642	-6.827267e-01
1643	-6.855485e-01
1644	-6.883115e-01
1645	-6.910156e-01
1646	-6.936605e-01
1647	-6.962461e-01
1648	-6.987722e-01
1649	-7.012386e-01
1650	-7.036451e-01
1651	-7.059915e-01
1652	-7.082776e-01
1653	-7.105033e-01
1654	-7.126684e-01
1655	-7.147728e-01
1656	-7.168163e-01
1657	-7.187988e-01
1658	-7.207201e-01
1659	-7.225801e-01
1660	-7.243787e-01
1661	-7.261157e-01
1662	-7.277911e-01
1663	-7.294048e-01
1664	-7.309566e-01
1665	-7.324465e-01
1666	-7.338743e-01
1667	-7.352400e-01
1668	-7.365434e-01
1669	-7.377846e-01
1670	-7.389634e-01
1671	-7.400797e-01
1672	-7.411335e-01
1673	-7.421248e-01
1674	-7.430533e-01
1675	-7.439191e-01
1676	-7.447222e-01
1677	-7.454625e-01
1678	-7.461399e-01
1679	-7.467545e-01
1680	-7.473061e-01
1681	-7.477948e-01
1682	-7.482206e-01
1683	-7.485835e-01
1684	-7.488834e-01
1685	-7.491203e-01
1686	-7.492943e-01
1687	-7.494054e-01
1688	-7.494535e-01
1689	-7.494386e-01
1690	-7.493608e-01
1691	-7.492202e-01
1692	-7.490166e-01
1693	-7.487502e-01
1694	-7.484210e-01
1695	-7.480290e-01
1696	-7.475743e-01
1697	-7.470568e-01
1698	-7.464767e-01
1699	-7.458339e-01
1700	-7.451286e-01
1701	-7.443608e-01
1702	-7.435305e-01
1703	-7.426378e-01
1704	-7.416827e-01
1705	-7.406653e-01
1706	-7.395856e-01
1707	-7.384438e-01
1708	-7.372399e-01
1709	-7.359740e-01
1710	-7.346461e-01
1711	-7.332564e-01
1712	-7.318049e-01
1713	-7.302917e-01
1714	-7.287169e-01
1715	-7.270806e-01
1716	-7.253829e-01
1717	-7.236239e-01
1718	-7.218036e-01
1719	-7.199223e-01
1720	-7.179799e-01
1721	-7.159767e-01
1722	-7.139126e-01
1723	-7.117878e-01
1724	-7.096025e-01
1725	-7.073567e-01
1726	-7.050506e-01
1727	-7.026843e-01
1728	-7.002578e-01
1729	-6.977714e-01
1730	-6.952251e-01
1731	-6.926191e-01
1732	-6.899535e-01
1733	-6.872285e-01
1734	-6.844441e-01
1735	-6.816005e-01
1736	-6.786979e-01
1737	-6.757364e-01
1738	-6.727161e-01
1739	-6.696372e-01
1740	-6.664999e-01
1741	-6.633043e-01
1742	-6.600505e-01
1743	-6.567387e-01
1744	-6.533691e-01
1745	-6.499419e-01
1746	-6.464572e-01
1747	-6.429152e-01
1748	-6.393161e-01
1749	-6.356601e-01
1750	-6.319472e-01
1751	-6.281779e-01
1752	-6.243521e-01
1753	-6.204701e-01
1754	-6.165322e-01
1755	-6.125384e-01
1756	-6.084891e-01
1757	-6.043843e-01
1758	-6.002244e-01
1759	-5.960096e-01
1760	-5.917400e-01
1761	-5.874160e-01
1762	-5.830376e-01
1763	-5.786053e-01
1764	-5.741192e-01
1765	-5.695795e-01
1766	-5.649866e-01
1767	-5.603406e-01
1768	-5.556419e-01
1769	-5.508907e-01
1770	-5.460873e-01
1771	-5.412319e-01
1772	-5.363249e-01
1773	-5.313666e-01
1774	-5.263571e-01
1775	-5.212970e-01
1776	-5.161864e-01
1777	-5.110256e-01
1778	-5.058151e-01
1779	-5.005551e-01
1780	-4.952460e-01
1781	-4.898881e-01
1782	-4.844818e-01
1783	-4.790273e-01
1784	-4.735251e-01
1785	-4.679755e-01
1786	-4.623790e-01
1787	-4.567358e-01
1788	-4.510464e-01
1789	-4.453112e-01
1790	-4.395305e-01
1791	-4.337048e-01
1792	-4.278345e-01
1793	-4.219200e-01
1794	-4.159618e-01
1795	-4.099603e-01
1796	-4.039160e-01
1797	-3.978293e-01
1798	-3.917007e-01
1799	-3.855307e-01
1800	-3.793197e-01
1801	-3.730683e-01
1802	-3.667770e-01
1803	-3.604462e-01
1804	-3.540765e-01
1805	-3.476685e-01
1806	-3.412226e-01
1807	-3.347395e-01
1808	-3.282196e-01
1809	-3.216636e-01
1810	-3.150720e-01
1811	-3.084455e-01
1812	-3.017845e-01
1813	-2.950897e-01
1814	-2.883617e-01
1815	-2.816011e-01
1816	-2.748085e-01
1817	-2.679844e-01
1818	-2.611297e-01
1819	-2.542447e-01
1820	-2.473303e-01
1821	-2.403871e-01
1822	-2.334156e-01
1823	-2.264166e-01
1824	-2.193907e-01
1825	-2.123387e-01
1826	-2.052611e-01
1827	-1.981586e-01
1828	-1.910321e-01
1829	-1.838820e-01
1830	-1.767092e-01
1831	-1.695143e-01
1832	-1.622980e-01
1833	-1.550610e-01
1834	-1.478040e-01
1835	-1.405277e-01
1836	-1.332328e-01
1837	-1.259200e-01
1838	-1.185901e-01
1839	-1.112437e-01
1840	-1.038816e-01
1841	-9.650453e-02
1842	-8.911318e-02
1843	-8.170829e-02
1844	-7.429061e-02
1845	-6.686087e-02
1846	-5.941979e-02
1847	-5.196813e-02
1848	-4.450660e-02
1849	-3.703596e-02
1850	-2.955693e-02
1851	-2.207025e-02
1852	-1.457666e-02
1853	-7.076892e-03
1854	4.283056e-04
1855	7.938191e-03
1856	1.545202e-02
1857	2.296905e-02
1858	3.048852e-02
1859	3.800969e-02
1860	4.553180e-02
1861	5.305410e-02
1862	6.057584e-02
1863	6.809626e-02
1864	7.561461e-02
1865	8.313013e-02
1866	9.064207e-02
1867	9.814967e-02
1868	1.056522e-01
1869	1.131488e-01
1870	1.206388e-01
1871	1.281214e-01
1872	1.355959e-01
1873	1.430614e-01
1874	1.505173e-01
1875	1.579626e-01
1876	1.653968e-01
1877	1.728189e-01
1878	1.802282e-01
1879	1.876240e-01
1880	1.950054e-01
1881	2.023717e-01
1882	2.097222e-01
1883	2.170559e-01
1884	2.243722e-01
1885	2.316702e-01
1886	2.389492e-01
1887	2.462084e-01
1888	2.534470e-01
1889	2.606642e-01
1890	2.678592e-01
1891	2.750312e-01
1892	2.821795e-01
1893	2.893033e-01
1894	2.964017e-01
1895	3.034740e-01
1896	3.105195e-01
1897	3.175373e-01
1898	3.245266e-01
1899	3.314867e-01
1900	3.384167e-01
1901	3.453160e-01
1902	3.521837e-01
1903	3.590190e-01
1904	3.658212e-01
1905	3.725895e-01
1906	3.793231e-01
1907	3.860212e-01
1908	3.926832e-01
1909	3.993082e-01
1910	4.058956e-01
1911	4.124446e-01
1912	4.189544e-01
1913	4.254244e-01
1914	4.318538e-01
1915	4.382420e-01
1916	4.445881e-01
1917	4.508916e-01
1918	4.571516e-01
1919	4.633675e-01
1920	4.695385e-01
1921	4.756641e-01
1922	4.817435e-01
1923	4.877761e-01
1924	4.937611e-01
1925	4.996980e-01
1926	5.055861e-01
1927	5.114248e-01
1928	5.172136e-01
1929	5.229517e-01
1930	5.286387e-01
1931	5.342740e-01
1932	5.398570e-01
1933	5.453872e-01
1934	5.508640e-01
1935	5.562869e-01
1936	5.616554e-01
1937	5.669689e-01
1938	5.722270e-01
1939	5.774291e-01
1940	5.825748e-01
1941	5.876635e-01
1942	5.926950e-01
1943	5.976686e-01
1944	6.025840e-01
1945	6.074407e-01
1946	6.122385e-01
1947	6.169769e-01
1948	6.216555e-01
1949	6.262741e-01
1950	6.308322e-01
1951	6.353296e-01
1952	6.397659e-01
1953	6.441408e-01
1954	6.484540e-01
1955	6.527052e-01
1956	6.568942e-01
1957	6.610206e-01
1958	6.650842e-01
1959	6.690848e-01
1960	6.730221e-01
1961	6.768958e-01
1962	6.807058e-01
1963	6.844519e-01
1964	6.881338e-01
1965	6.917513e-01
1966	6.953044e-01
1967	6.987927e-01
1968	7.022162e-01
1969	7.055748e-01
1970	7.088681e-01
1971	7.120962e-01
1972	7.152588e-01
1973	7.183559e-01
1974	7.213873e-01
1975	7.243529e-01
1976	7.272525e-01
1977	7.300862e-01
1978	7.328536e-01
1979	7.355548e-01
1980	7.381897e-01
1981	7.407581e-01
1982	7.432599e-01
1983	7.456951e-01
1984	7.480635e-01
1985	7.503650e-01
1986	7.525997e-01
1987	7.547674e-01
1988	7.568679e-01
1989	7.589014e-01
1990	7.608677e-01
1991	7.627667e-01
1992	7.645984e-01
1993	7.663627e-01
1994	7.680596e-01
1995	7.696891e-01
1996	7.712510e-01
1997	7.727453e-01
1998	7.741720e-01
1999	7.755310e-01
2000	7.768223e-01
2001	7.780457e-01
2002	7.792013e-01
2003	7.802890e-01
2004	7.813087e-01
2005	7.822603e-01
2006	7.831440e-01
2007	7.839595e-01
2008	7.847069e-01
2009	7.853862e-01
2010	7.859974e-01
2011	7.865403e-01
2012	7.870151e-01
2013	7.874216e-01
2014	7.877599e-01
2015	7.880298e-01
2016	7.882315e-01
2017	7.883647e-01
2018	7.884296e-01
2019	7.884261e-01
2020	7.883541e-01
2021	7.882137e-01
2022	7.880048e-01
2023	7.877274e-01
2024	7.873814e-01
2025	7.869670e-01
2026	7.864841e-01
2027	7.859326e-01
2028	7.853127e-01
2029	7.846243e-01
2030	7.838675e-01
2031	7.830422e-01
2032	7.821485e-01
2033	7.811865e-01
2034	7.801560e-01
2035	7.790573e-01
2036	7.778903e-01
2037	7.766551e-01
2038	7.753518e-01
2039	7.739803e-01
2040	7.725408e-01
2041	7.710334e-01
2042	7.694580e-01
2043	7.678150e-01
2044	7.661042e-01
2045	7.643260e-01
2046	7.624802e-01
2047	7.605672e-01
2048	7.585870e-01
2049	7.565397e-01
2050	7.544255e-01
2051	7.522446e-01
2052	7.499971e-01
2053	7.476832e-01
2054	7.453030e-01
2055	7.428569e-01
2056	7.403449e-01
2057	7.377674e-01
2058	7.351244e-01
2059	7.324163e-01
2060	7.296434e-01
2061	7.268057e-01
2062	7.239037e-01
2063	7.209376e-01
2064	7.179076e-01
2065	7.148141e-01
2066	7.116572e-01
2067	7.084374e-01
2068	7.051549e-01
2069	7.018100e-01
2070	6.984031e-01
2071	6.949345e-01
2072	6.914046e-01
2073	6.878136e-01
2074	6.841620e-01
2075	6.804502e-01
2076	6.766784e-01
2077	6.728472e-01
2078	6.689568e-01
2079	6.650077e-01
2080	6.610002e-01
2081	6.569349e-01
2082	6.528121e-01
2083	6.486322e-01
2084	6.443957e-01
2085	6.401029e-01
2086	6.357544e-01
2087	6.313505e-01
2088	6.268918e-01
2089	6.223787e-01
2090	6.178116e-01
2091	6.131911e-01
2092	6.085175e-01
2093	6.037913e-01
2094	5.990131e-01
2095	5.941833e-01
2096	5.893023e-01
2097	5.843707e-01
2098	5.793888e-01
2099	5.743573e-01
2100	5.692765e-01
2101	5.641469e-01
2102	5.589690e-01
2103	5.537433e-01
2104	5.484702e-01
2105	5.431503e-01
2106	5.377838e-01
2107	5.323714e-01
2108	5.269135e-01
2109	5.214105e-01
2110	5.158630e-01
2111	5.102712e-01
2112	5.046357e-01
2113	4.989570e-01
2114	4.932354e-01
2115	4.874715e-01
2116	4.816656e-01
2117	4.758183e-01
2118	4.699300e-01
2119	4.640011e-01
2120	4.580322e-01
2121	4.520236e-01
2122	4.459758e-01
2123	4.398894e-01
2124	4.337647e-01
2125	4.276024e-01
2126	4.214028e-01
2127	4.151665e-01
2128	4.088940e-01
2129	4.025858e-01
2130	3.962423e-01
2131	3.898643e-01
2132	3.834520e-01
2133	3.770063e-01
2134	3.705274e-01
2135	3.640161e-01
2136	3.574729e-01
2137	3.508984e-01
2138	3.442931e-01
2139	3.376576e-01
2140	3.309925e-01
2141	3.242985e-01
2142	3.175760e-01
2143	3.108258e-01
2144	3.040484e-01
2145	2.972445e-01
2146	2.904147e-01
2147	2.835595e-01
2148	2.766797e-01
2149	2.697759e-01
2150	2.628486e-01
2151	2.558986e-01
2152	2.489265e-01
2153	2.419329e-01
2154	2.349185e-01
2155	2.278838e-01
2156	2.208296e-01
2157	2.137565e-01
2158	2.066651e-01
2159	1.995560e-01
2160	1.924300e-01
2161	1.852875e-01
2162	1.781294e-01
2163	1.709561e-01
2164	1.637684e-01
2165	1.565669e-01
2166	1.493523e-01
2167	1.421251e-01
2168	1.348860e-01
2169	1.276357e-01
2170	1.203747e-01
2171	1.131038e-01
2172	1.058235e-01
2173	9.853440e-02
2174	9.123721e-02
2175	8.393251e-02
2176	7.662091e-02
2177	6.930303e-02
2178	6.197947e-02
2179	5.465085e-02
2180	4.731779e-02
2181	3.998090e-02
2182	3.264080e-02
2183	2.529810e-02
2184	1.795342e-02
2185	1.060738e-02
2186	3.260594e-03
2187	-4.086327e-03
2188	-1.143277e-02
2189	-1.877812e-02
2190	-2.612177e-02
2191	-3.346311e-02
2192	-4.080155e-02
2193	-4.813647e-02
2194	-5.546727e-02
2195	-6.279336e-02
2196	-7.011413e-02
2197	-7.742899e-02
2198	-8.473733e-02
2199	-9.203855e-02
2200	-9.933204e-02
2201	-1.066172e-01
2202	-1.138934e-01
2203	-1.211601e-01
2204	-1.284167e-01
2205	-1.356624e-01
2206	-1.428969e-01
2207	-1.501193e-01
2208	-1.573292e-01
2209	-1.645258e-01
2210	-1.717087e-01
2211	-1.788772e-01
2212	-1.860307e-01
2213	-1.931686e-01
2214	-2.002903e-01
2215	-2.073952e-01
2216	-2.144827e-01
2217	-2.215522e-01
2218	-2.286032e-01
2219	-2.356349e-01
2220	-2.426469e-01
2221	-2.496385e-01
2222	-2.566091e-01
2223	-2.635582e-01
2224	-2.704850e-01
2225	-2.773891e-01
2226	-2.842698e-01
2227	-2.911266e-01
2228	-2.979588e-01
2229	-3.047659e-01
2230	-3.115472e-01
2231	-3.183023e-01
2232	-3.250305e-01
2233	-3.317312e-01
2234	-3.384040e-01
2235	-3.450482e-01
2236	-3.516632e-01
2237	-3.582486e-01
2238	-3.648038e-01
2239	-3.713282e-01
2240	-3.778213e-01
2241	-3.842825e-01
2242	-3.907112e-01
2243	-3.971070e-01
2244	-4.034692e-01
2245	-4.097973e-01
2246	-4.160909e-01
2247	-4.223492e-01
2248	-4.285719e-01
2249	-4.347583e-01
2250	-4.409080e-01
2251	-4.470203e-01
2252	-4.530948e-01
2253	-4.591310e-01
2254	-4.651284e-01
2255	-4.710863e-01
2256	-4.770044e-01
2257	-4.828820e-01
2258	-4.887188e-01
2259	-4.945141e-01
2260	-5.002674e-01
2261	-5.059783e-01
2262	-5.116461e-01
2263	-5.172705e-01
2264	-5.228509e-01
2265	-5.283867e-01
2266	-5.338775e-01
2267	-5.393228e-01
2268	-5.447220e-01
2269	-5.500747e-01
2270	-5.553803e-01
2271	-5.606384e-01
2272	-5.658485e-01
2273	-5.710100e-01
2274	-5.761225e-01
2275	-5.811856e-01
2276	-5.861986e-01
2277	-5.911612e-01
2278	-5.960729e-01
2279	-6.009332e-01
2280	-6.057415e-01
2281	-6.104976e-01
2282	-6.152008e-01
2283	-6.198507e-01
2284	-6.244469e-01
2285	-6.289889e-01
2286	-6.334762e-01
2287	-6.379084e-01
2288	-6.422851e-01
2289	-6.466058e-01
2290	-6.508701e-01
2291	-6.550777e-01
2292	-6.592280e-01
2293	-6.633206e-01
2294	-6.673553e-01
2295	-6.713316e-01
2296	-6.752491e-01
2297	-6.791074e-01
2298	-6.829063e-01
2299	-6.866453e-01
2300	-6.903240e-01
2301	-6.939422e-01
2302	-6.974995e-01
2303	-7.009956e-01
2304	-7.044302e-01
2305	-7.078028e-01
2306	-7.111134e-01
2307	-7.143614e-01
2308	-7.175468e-01
2309	-7.206691e-01
2310	-7.237282e-01
2311	-7.267238e-01
2312	-7.296556e-01
2313	-7.325234e-01
2314	-7.353271e-01
2315	-7.380663e-01
2316	-7.407409e-01
2317	-7.433508e-01
2318	-7.458956e-01
2319	-7.483753e-01
2320	-7.507898e-01
2321	-7.531387e-01
2322	-7.554222e-01
2323	-7.576399e-01
2324	-7.597918e-01
2325	-7.618778e-01
2326	-7.638978e-01
2327	-7.658517e-01
2328	-7.677395e-01
2329	-7.695611e-01
2330	-7.713164e-01
2331	-7.730054e-01
2332	-7.746281e-01
2333	-7.761844e-01
2334	-7.776744e-01
2335	-7.790980e-01
2336	-7.804552e-01
2337	-7.817460e-01
2338	-7.829705e-01
2339	-7.841287e-01
2340	-7.852206e-01
2341	-7.862462e-01
2342	-7.872056e-01
2343	-7.880987e-01
2344	-7.889258e-01
2345	-7.896867e-01
2346	-7.903816e-01
2347	-7.910105e-01
2348	-7.915734e-01
2349	-7.920704e-01
2350	-7.925016e-01
2351	-7.928670e-01
2352	-7.931666e-01
2353	-7.934007e-01
2354	-7.935692e-01
2355	-7.936721e-01
2356	-7.937097e-01
2357	-7.936819e-01
2358	-7.935889e-01
2359	-7.934308e-01
2360	-7.932076e-01
2361	-7.929194e-01
2362	-7.925664e-01
2363	-7.921486e-01
2364	-7.916661e-01
2365	-7.911191e-01
2366	-7.905077e-01
2367	-7.898319e-01
2368	-7.890918e-01
2369	-7.882877e-01
2370	-7.874195e-01
2371	-7.864875e-01
2372	-7.854916e-01
2373	-7.844321e-01
2374	-7.833090e-01
2375	-7.821224e-01
2376	-7.808724e-01
2377	-7.795591e-01
2378	-7.781826e-01
2379	-7.767430e-01
2380	-7.752403e-01
2381	-7.736746e-01
2382	-7.720459e-01
2383	-7.703544e-01
2384	-7.685999e-01
2385	-7.667827e-01
2386	-7.649027e-01
2387	-7.629599e-01
2388	-7.609544e-01
2389	-7.588862e-01
2390	-7.567552e-01
2391	-7.545615e-01
2392	-7.523051e-01
2393	-7.499860e-01
2394	-7.476042e-01
2395	-7.451596e-01
2396	-7.426522e-01
2397	-7.400820e-01
2398	-7.374490e-01
2399	-7.347532e-01
2400	-7.319946e-01
2401	-7.291732e-01
2402	-7.262889e-01
2403	-7.233417e-01
2404	-7.203318e-01
2405	-7.172590e-01
2406	-7.141235e-01
2407	-7.109253e-01
2408	-7.076644e-01
2409	-7.043409e-01
2410	-7.009548e-01
2411	-6.975063e-01
2412	-6.939954e-01
2413	-6.904224e-01
2414	-6.867872e-01
2415	-6.830901e-01
2416	-6.793312e-01
2417	-6.755107e-01
2418	-6.716288e-01
2419	-6.676857e-01
2420	-6.636817e-01
2421	-6.596169e-01
2422	-6.554918e-01
2423	-6.513064e-01
2424	-6.470612e-01
2425	-6.427564e-01
2426	-6.383922e-01
2427	-6.339692e-01
2428	-6.294875e-01
2429	-6.249475e-01
2430	-6.203495e-01
2431	-6.156940e-01
2432	-6.109812e-01
2433	-6.062116e-01
2434	-6.013855e-01
2435	-5.965034e-01
2436	-5.915655e-01
2437	-5.865724e-01
2438	-5.815243e-01
2439	-5.764217e-01
2440	-5.712650e-01
2441	-5.660546e-01
2442	-5.607908e-01
2443	-5.554742e-01
2444	-5.501050e-01
2445	-5.446836e-01
2446	-5.392106e-01
2447	-5.336862e-01
2448	-5.281110e-01
2449	-5.224852e-01
2450	-5.168094e-01
2451	-5.110839e-01
2452	-5.053091e-01
2453	-4.994856e-01
2454	-4.936137e-01
2455	-4.876938e-01
2456	-4.817264e-01
2457	-4.757120e-01
2458	-4.696510e-01
2459	-4.635438e-01
2460	-4.573910e-01
2461	-4.511929e-01
2462	-4.449502e-01
2463	-4.386632e-01
2464	-4.323325e-01
2465	-4.259586e-01
2466	-4.195420e-01
2467	-4.130832e-01
2468	-4.065828e-01
2469	-4.000414e-01
2470	-3.934596e-01
2471	-3.868378e-01
2472	-3.801767e-01
2473	-3.734769e-01
2474	-3.667390e-01
2475	-3.599636e-01
2476	-3.531513e-01
2477	-3.463028e-01
2478	-3.394186e-01
2479	-3.324996e-01
2480	-3.255462e-01
2481	-3.185591e-01
2482	-3.115391e-01
2483	-3.044867e-01
2484	-2.974026e-01
2485	-2.902875e-01
2486	-2.831421e-01
2487	-2.759670e-01
2488	-2.687630e-01
2489	-2.615306e-01
2490	-2.542706e-01
2491	-2.469836e-01
2492	-2.396704e-01
2493	-2.323316e-01
2494	-2.249679e-01
2495	-2.175800e-01
2496	-2.101686e-01
2497	-2.027344e-01
2498	-1.952780e-01
2499	-1.878002e-01
2500	-1.803016e-01
2501	-1.727829e-01
2502	-1.652447e-01
2503	-1.576878e-01
2504	-1.501128e-01
2505	-1.425203e-01
2506	-1.349111e-01
2507	-1.272858e-01
2508	-1.196451e-01
2509	-1.119897e-01
2510	-1.043203e-01
2511	-9.663756e-02
2512	-8.894219e-02
2513	-8.123493e-02
2514	-7.351650e-02
2515	-6.578762e-02
2516	-5.804905e-02
2517	-5.030150e-02
2518	-4.254573e-02
2519	-3.478247e-02
2520	-2.701248e-02
2521	-1.923649e-02
2522	-1.145525e-02
2523	-3.669523e-03
2524	4.119939e-03
2525	1.191237e-02
2526	1.970700e-02
2527	2.750304e-02
2528	3.529971e-02
2529	4.309618e-02
2530	5.089164e-02
2531	5.868527e-02
2532	6.647621e-02
2533	7.426361e-02
2534	8.204661e-02
2535	8.982433e-02
2536	9.759589e-02
2537	1.053604e-01
2538	1.131170e-01
2539	1.208648e-01
2540	1.286028e-01
2541	1.363302e-01
2542	1.440461e-01
2543	1.517496e-01
2544	1.594398e-01
2545	1.671157e-01
2546	1.747764e-01
2547	1.824210e-01
2548	1.900486e-01
2549	1.976582e-01
2550	2.052488e-01
2551	2.128195e-01
2552	2.203692e-01
2553	2.278970e-01
2554	2.354017e-01
2555	2.428825e-01
2556	2.503383e-01
2557	2.577679e-01
2558	2.651705e-01
2559	2.725449e-01
2560	2.798902e-01
2561	2.872053e-01
2562	2.944892e-01
2563	3.017409e-01
2564	3.089596e-01
2565	3.161441e-01
2566	3.232936e-01
2567	3.304071e-01
2568	3.374838e-01
2569	3.445227e-01
2570	3.515229e-01
2571	3.584837e-01
2572	3.654040e-01
2573	3.722831e-01
2574	3.791201e-01
2575	3.859142e-01
2576	3.926646e-01
2577	3.993704e-01
2578	4.060310e-01
2579	4.126456e-01
2580	4.192135e-01
2581	4.257340e-01
2582	4.322064e-01
2583	4.386303e-01
2584	4.450049e-01
2585	4.513299e-01
2586	4.576048e-01
2587	4.638291e-01
2588	4.700024e-01
2589	4.761244e-01
2590	4.821948e-01
2591	4.882133e-01
2592	4.941795e-01
2593	5.000932e-01
2594	5.059542e-01
2595	5.117622e-01
2596	5.175170e-01
2597	5.232184e-01
2598	5.288662e-01
2599	5.344601e-01
2600	5.400000e-01
2601	5.454857e-01
2602	5.509171e-01
2603	5.562941e-01
2604	5.616166e-01
2605	5.668845e-01
2606	5.720977e-01
2607	5.772562e-01
2608	5.823598e-01
2609	5.874087e-01
2610	5.924027e-01
2611	5.973417e-01
2612	6.022258e-01
2613	6.070548e-01
2614	6.118287e-01
2615	6.165473e-01
2616	6.212106e-01
2617	6.258183e-01
2618	6.303704e-01
2619	6.348667e-01
2620	6.393071e-01
2621	6.436913e-01
2622	6.480193e-01
2623	6.522907e-01
2624	6.565056e-01
2625	6.606636e-01
2626	6.647645e-01
2627	6.688082e-01
2628	6.727946e-01
2629	6.767232e-01
2630	6.805940e-01
2631	6.844068e-01
2632	6.881611e-01
2633	6.918570e-01
2634	6.954939e-01
2635	6.990718e-01
2636	7.025902e-01
2637	7.060490e-01
2638	7.094478e-01
2639	7.127864e-01
2640	7.160644e-01
2641	7.192815e-01
2642	7.224375e-01
2643	7.255320e-01
2644	7.285647e-01
2645	7.315352e-01
2646	7.344434e-01
2647	7.372888e-01
2648	7.400711e-01
2649	7.427900e-01
2650	7.454453e-01
2651	7.480365e-01
2652	7.505635e-01
2653	7.530259e-01
2654	7.554233e-01
2655	7.577557e-01
2656	7.600225e-01
2657	7.622237e-01
2658	7.643589e-01
2659	7.664278e-01
2660	7.684303e-01
2661	7.703660e-01
2662	7.722347e-01
2663	7.740361e-01
2664	7.757701e-01
2665	7.774364e-01
2666	7.790348e-01
2667	7.805650e-01
2668	7.820269e-01
2669	7.834202e-01
2670	7.847447e-01
2671	7.860003e-01
2672	7.871868e-01
2673	7.883041e-01
2674	7.893519e-01
2675	7.903302e-01
2676	7.912389e-01
2677	7.920777e-01
2678	7.928466e-01
2679	7.935456e-01
2680	7.941745e-01
2681	7.947332e-01
2682	7.952217e-01
2683	7.956399e-01
2684	7.959878e-01
2685	7.962654e-01
2686	7.964725e-01
2687	7.966093e-01
2688	7.966757e-01
2689	7.966718e-01
2690	7.965974e-01
2691	7.964528e-01
2692	7.962378e-01
2693	7.959526e-01
2694	7.955973e-01
2695	7.951719e-01
2696	7.946765e-01
2697	7.941112e-01
2698	7.934763e-01
2699	7.927718e-01
2700	7.919980e-01
2701	7.911550e-01
2702	7.902430e-01
2703	7.892623e-01
2704	7.882132e-01
2705	7.870959e-01
2706	7.859106e-01
2707	7.846578e-01
2708	7.833377e-01
2709	7.819507e-01
2710	7.804971e-01
2711	7.789771e-01
2712	7.773913e-01
2713	7.757400e-01
2714	7.740235e-01
2715	7.722422e-01
2716	7.703966e-01
2717	7.684869e-01
2718	7.665137e-01
2719	7.644772e-01
2720	7.623780e-01
2721	7.602163e-01
2722	7.579926e-01
2723	7.557072e-01
2724	7.533606e-01
2725	7.509530e-01
2726	7.484850e-01
2727	7.459567e-01
2728	7.433687e-01
2729	7.407212e-01
2730	7.380146e-01
2731	7.352493e-01
2732	7.324256e-01
2733	7.295439e-01
2734	7.266044e-01
2735	7.236077e-01
2736	7.205539e-01
2737	7.174434e-01
2738	7.142767e-01
2739	7.110539e-01
2740	7.077755e-01
2741	7.044418e-01
2742	7.010531e-01
2743	6.976097e-01
2744	6.941119e-01
2745	6.905602e-01
2746	6.869547e-01
2747	6.832959e-01
2748	6.795841e-01
2749	6.758196e-01
2750	6.720028e-01
2751	6.681340e-01
2752	6.642136e-01
2753	6.602419e-01
2754	6.562194e-01
2755	6.521464e-01
2756	6.480232e-01
2757	6.438503e-01
2758	6.396280e-01
2759	6.353569e-01
2760	6.310371e-01
2761	6.266693e-01
2762	6.222536e-01
2763	6.177907e-01
2764	6.132808e-01
2765	6.087244e-01
2766	6.041218e-01
2767	5.994735e-01
2768	5.947798e-01
2769	5.900412e-01
2770	5.852581e-01
2771	5.804308e-01
2772	5.755596e-01
2773	5.706451e-01
2774	5.656876e-01
2775	5.606875e-01
2776	5.556450e-01
2777	5.505608e-01
2778	5.454350e-01
2779	5.402682e-01
2780	5.350606e-01
2781	5.298126e-01
2782	5.245246e-01
2783	5.191970e-01
2784	5.138302e-01
2785	5.084243e-01
2786	5.029799e-01
2787	4.974973e-01
2788	4.919766e-01
2789	4.864185e-01
2790	4.808230e-01
2791	4.751906e-01
2792	4.695216e-01
2793	4.638164e-01
2794	4.580752e-01
2795	4.522985e-01
2796	4.464866e-01
2797	4.406398e-01
2798	4.347586e-01
2799	4.288433e-01
2800	4.228942e-01
2801	4.169118e-01
2802	4.108964e-01
2803	4.048484e-01
2804	3.987681e-01
2805	3.926559e-01
2806	3.865122e-01
2807	3.803374e-01
2808	3.741317e-01
2809	3.678956e-01
2810	3.616294e-01
2811	3.553335e-01
2812	3.490083e-01
2813	3.426542e-01
2814	3.362716e-01
2815	3.298608e-01
2816	3.234224e-01
2817	3.169567e-01
2818	3.104642e-01
2819	3.039454e-01
2820	2.974008e-01
2821	2.908308e-01
2822	2.842359e-01
2823	2.776166e-01
2824	2.709735e-01
2825	2.643069e-01
2826	2.576175e-01
2827	2.509057e-01
2828	2.441720e-01
2829	2.374169e-01
2830	2.306410e-01
2831	2.238446e-01
2832	2.170284e-01
2833	2.101927e-01
2834	2.033382e-01
2835	1.964654e-01
2836	1.895747e-01
2837	1.826668e-01
2838	1.757421e-01
2839	1.688013e-01
2840	1.618449e-01
2841	1.548735e-01
2842	1.478877e-01
2843	1.408880e-01
2844	1.338751e-01
2845	1.268495e-01
2846	1.198118e-01
2847	1.127626e-01
2848	1.057025e-01
2849	9.863193e-02
2850	9.155158e-02
2851	8.446195e-02
2852	7.736360e-02
2853	7.025708e-02
2854	6.314294e-02
2855	5.602173e-02
2856	4.889399e-02
2857	4.176028e-02
2858	3.462116e-02
2859	2.747716e-02
2860	2.032886e-02
2861	1.317680e-02
2862	6.021528e-03
2863	-1.136415e-03
2864	-8.296495e-03
2865	-1.545819e-02
2866	-2.262099e-02
2867	-2.978439e-02
2868	-3.694791e-02
2869	-4.411108e-02
2870	-5.127343e-02
2871	-5.843452e-02
2872	-6.559393e-02
2873	-7.275121e-02
2874	-7.990596e-02
2875	-8.705776e-02
2876	-9.420622e-02
2877	-1.013509e-01
2878	-1.084915e-01
2879	-1.156275e-01
2880	-1.227585e-01
2881	-1.298841e-01
2882	-1.370040e-01
2883	-1.441177e-01
2884	-1.512247e-01
2885	-1.583247e-01
2886	-1.654172e-01
2887	-1.725017e-01
2888	-1.795779e-01
2889	-1.866452e-01
2890	-1.937033e-01
2891	-2.007516e-01
2892	-2.077897e-01
2893	-2.148172e-01
2894	-2.218335e-01
2895	-2.288381e-01
2896	-2.358305e-01
2897	-2.428103e-01
2898	-2.497769e-01
2899	-2.567298e-01
2900	-2.636683e-01
2901	-2.705919e-01
2902	-2.775001e-01
2903	-2.843921e-01
2904	-2.912674e-01
2905	-2.981253e-01
2906	-3.049652e-01
2907	-3.117864e-01
2908	-3.185881e-01
2909	-3.253698e-01
2910	-3.321306e-01
2911	-3.388700e-01
2912	-3.455871e-01
2913	-3.522812e-01
2914	-3.589517e-01
2915	-3.655978e-01
2916	-3.722187e-01
2917	-3.788138e-01
2918	-3.853822e-01
2919	-3.919232e-01
2920	-3.984360e-01
2921	-4.049200e-01
2922	-4.113743e-01
2923	-4.177981e-01
2924	-4.241907e-01
2925	-4.305514e-01
2926	-4.368792e-01
2927	-4.431736e-01
2928	-4.494337e-01
2929	-4.556587e-01
2930	-4.618479e-01
2931	-4.680006e-01
2932	-4.741159e-01
2933	-4.801931e-01
2934	-4.862316e-01
2935	-4.922304e-01
2936	-4.981890e-01
2937	-5.041066e-01
2938	-5.099824e-01
2939	-5.158159e-01
2940	-5.216061e-01
2941	-5.273526e-01
2942	-5.330546e-01
2943	-5.387114e-01
2944	-5.443225e-01
2945	-5.498871e-01
2946	-5.554047e-01
2947	-5.608747e-01
2948	-5.662965e-01
2949	-5.716695e-01
2950	-5.769932e-01
2951	-5.822670e-01
2952	-5.874905e-01
2953	-5.926631e-01
2954	-5.977844e-01
2955	-6.028538e-01
2956	-6.078708e-01
2957	-6.128351e-01
2958	-6.177461e-01
2959	-6.226035e-01
2960	-6.274068e-01
2961	-6.321556e-01
2962	-6.368496e-01
2963	-6.414883e-01
2964	-6.460713e-01
2965	-6.505985e-01
2966	-6.550693e-01
2967	-6.594836e-01
2968	-6.638410e-01
2969	-6.681413e-01
2970	-6.723841e-01
2971	-6.765693e-01
2972	-6.806966e-01
2973	-6.847657e-01
2974	-6.887765e-01
2975	-6.927288e-01
2976	-6.966224e-01
2977	-7.004570e-01
2978	-7.042326e-01
2979	-7.079490e-01
2980	-7.116060e-01
2981	-7.152035e-01
2982	-7.187414e-01
2983	-7.222196e-01
2984	-7.256379e-01
2985	-7.289964e-01
2986	-7.322948e-01
2987	-7.355332e-01
2988	-7.387114e-01
2989	-7.418294e-01
2990	-7.448871e-01
2991	-7.478844e-01
2992	-7.508212e-01
2993	-7.536976e-01
2994	-7.565134e-01
2995	-7.592686e-01
2996	-7.619631e-01
2997	-7.645969e-01
2998	-7.671699e-01
2999	-7.696821e-01
3000	-7.721335e-01
3001	-7.745240e-01
3002	-7.768535e-01
3003	-7.791221e-01
3004	-7.813297e-01
3005	-7.834763e-01
3006	-7.855617e-01
3007	-7.875861e-01
3008	-7.895492e-01
3009	-7.914510e-01
3010	-7.932915e-01
3011	-7.950706e-01
3012	-7.967881e-01
3013	-7.984440e-01
3014	-8.000381e-01
3015	-8.015703e-01
3016	-8.030405e-01
3017	-8.044484e-01
3018	-8.057939e-01
3019	-8.070769e-01
3020	-8.082970e-01
3021	-8.094541e-01
3022	-8.105479e-01
3023	-8.115783e-01
3024	-8.125448e-01
3025	-8.134474e-01
3026	-8.142857e-01
3027	-8.150594e-01
3028	-8.157683e-01
3029	-8.164121e-01
3030	-8.169905e-01
3031	-8.175032e-01
3032	-8.179500e-01
3033	-8.183307e-01
3034	-8.186450e-01
3035	-8.188926e-01
3036	-8.190734e-01
3037	-8.191872e-01
3038	-8.192337e-01
3039	-8.192128e-01
3040	-8.191243e-01
3041	-8.189680e-01
3042	-8.187439e-01
3043	-8.184517e-01
3044	-8.180914e-01
3045	-8.176627e-01
3046	-8.171657e-01
3047	-8.166002e-01
3048	-8.159661e-01
3049	-8.152633e-01
3050	-8.144918e-01
3051	-8.136514e-01
3052	-8.127423e-01
3053	-8.117642e-01
3054	-8.107171e-01
3055	-8.096010e-01
3056	-8.084159e-01
3057	-8.071618e-01
3058	-8.058385e-01
3059	-8.044462e-01
3060	-8.029847e-01
3061	-8.014541e-01
3062	-7.998544e-01
3063	-7.981856e-01
3064	-7.964477e-01
3065	-7.946406e-01
3066	-7.927646e-01
3067	-7.908195e-01
3068	-7.888055e-01
3069	-7.867225e-01
3070	-7.845708e-01
3071	-7.823503e-01
3072	-7.800612e-01
3073	-7.777036e-01
3074	-7.752776e-01
3075	-7.727832e-01
3076	-7.702208e-01
3077	-7.675903e-01
3078	-7.648920e-01
3079	-7.621260e-01
3080	-7.592925e-01
3081	-7.563917e-01
3082	-7.534237e-01
3083	-7.503888e-01
3084	-7.472872e-01
3085	-7.441190e-01
3086	-7.408846e-01
3087	-7.375840e-01
3088	-7.342176e-01
3089	-7.307856e-01
3090	-7.272882e-01
3091	-7.237257e-01
3092	-7.200983e-01
3093	-7.164063e-01
3094	-7.126500e-01
3095	-7.088297e-01
3096	-7.049455e-01
3097	-7.009979e-01
3098	-6.969871e-01
3099	-6.929133e-01
3100	-6.887770e-01
3101	-6.845783e-01
3102	-6.803177e-01
3103	-6.759953e-01
3104	-6.716116e-01
3105	-6.671669e-01
3106	-6.626615e-01
3107	-6.580957e-01
3108	-6.534699e-01
3109	-6.487844e-01
3110	-6.440395e-01
3111	-6.392357e-01
3112	-6.343733e-01
3113	-6.294526e-01
3114	-6.244741e-01
3115	-6.194381e-01
3116	-6.143449e-01
3117	-6.091951e-01
3118	-6.039889e-01
3119	-5.987268e-01
3120	-5.934092e-01
3121	-5.880365e-01
3122	-5.826091e-01
3123	-5.771275e-01
3124	-5.715920e-01
3125	-5.660031e-01
3126	-5.603612e-01
3127	-5.546668e-01
3128	-5.489203e-01
3129	-5.431221e-01
3130	-5.372727e-01
3131	-5.313726e-01
3132	-5.254222e-01
3133	-5.194220e-01
3134	-5.133724e-01
3135	-5.072739e-01
3136	-5.011270e-01
3137	-4.949322e-01
3138	-4.886899e-01
3139	-4.824006e-01
3140	-4.760649e-01
3141	-4.696832e-01
3142	-4.632559e-01
3143	-4.567837e-01
3144	-4.502671e-01
3145	-4.437064e-01
3146	-4.371023e-01
3147	-4.304553e-01
3148	-4.237659e-01
3149	-4.170347e-01
3150	-4.102621e-01
3151	-4.034488e-01
3152	-3.965952e-01
3153	-3.897021e-01
3154	-3.827699e-01
3155	-3.757992e-01
3156	-3.687907e-01
3157	-3.617450e-01
3158	-3.546626e-01
3159	-3.475443e-01
3160	-3.403906e-01
3161	-3.332022e-01
3162	-3.259798e-01
3163	-3.187241e-01
3164	-3.114358e-01
3165	-3.041157e-01
3166	-2.967644e-01
3167	-2.893828e-01
3168	-2.819716e-01
3169	-2.745317e-01
3170	-2.670638e-01
3171	-2.595689e-01
3172	-2.520477e-01
3173	-2.445012e-01
3174	-2.369302e-01
3175	-2.293356e-01
3176	-2.217183e-01
3177	-2.140792e-01
3178	-2.064193e-01
3179	-1.987395e-01
3180	-1.910408e-01
3181	-1.833240e-01
3182	-1.755901e-01
3183	-1.678401e-01
3184	-1.600751e-01
3185	-1.522958e-01
3186	-1.445033e-01
3187	-1.366987e-01
3188	-1.288827e-01
3189	-1.210565e-01
3190	-1.132209e-01
3191	-1.053769e-01
3192	-9.752546e-02
3193	-8.966748e-02
3194	-8.180388e-02
3195	-7.393557e-02
3196	-6.606343e-02
3197	-5.818834e-02
3198	-5.031118e-02
3199	-4.243279e-02
3200	-3.455401e-02
3201	-2.667567e-02
3202	-1.879859e-02
3203	-1.092356e-02
3204	-3.051364e-03
3205	4.817224e-03
3206	1.268145e-02
3207	2.054059e-02
3208	2.839393e-02
3209	3.624075e-02
3210	4.408040e-02
3211	5.191219e-02
3212	5.973549e-02
3213	6.754966e-02
3214	7.535409e-02
3215	8.314816e-02
3216	9.093128e-02
3217	9.870286e-02
3218	1.064623e-01
3219	1.142090e-01
3220	1.219425e-01
3221	1.296620e-01
3222	1.373671e-01
3223	1.450573e-01
3224	1.527318e-01
3225	1.603901e-01
3226	1.680318e-01
3227	1.756562e-01
3228	1.832629e-01
3229	1.908512e-01
3230	1.984207e-01
3231	2.059708e-01
3232	2.135010e-01
3233	2.210109e-01
3234	2.284998e-01
3235	2.359673e-01
3236	2.434129e-01
3237	2.508360e-01
3238	2.582360e-01
3239	2.656125e-01
3240	2.729648e-01
3241	2.802924e-01
3242	2.875946e-01
3243	2.948709e-01
3244	3.021206e-01
3245	3.093430e-01
3246	3.165376e-01
3247	3.237038e-01
3248	3.308407e-01
3249	3.379479e-01
3250	3.450246e-01
3251	3.520702e-01
3252	3.590841e-01
3253	3.660655e-01
3254	3.730139e-01
3255	3.799285e-01
3256	3.868087e-01
3257	3.936537e-01
3258	4.004628e-01
3259	4.072353e-01
3260	4.139703e-01
3261	4.206671e-01
3262	4.273249e-01
3263	4.339429e-01
3264	4.405202e-01
3265	4.470560e-01
3266	4.535496e-01
3267	4.600002e-01
3268	4.664069e-01
3269	4.727690e-01
3270	4.790858e-01
3271	4.853566e-01
3272	4.915807e-01
3273	4.977575e-01
3274	5.038863e-01
3275	5.099665e-01
3276	5.159975e-01
3277	5.219788e-01
3278	5.279097e-01
3279	5.337897e-01
3280	5.396183e-01
3281	5.453949e-01
3282	5.511192e-01
3283	5.567906e-01
3284	5.624087e-01
3285	5.679731e-01
3286	5.734836e-01
3287	5.789398e-01
3288	5.843415e-01
3289	5.896885e-01
3290	5.949806e-01
3291	6.002177e-01
3292	6.053997e-01
3293	6.105265e-01
3294	6.155981e-01
3295	6.206143e-01
3296	6.255751e-01
3297	6.304804e-01
3298	6.353301e-01
3299	6.401240e-01
3300	6.448622e-01
3301	6.495444e-01
3302	6.541704e-01
3303	6.587402e-01
3304	6.632535e-01
3305	6.677102e-01
3306	6.721101e-01
3307	6.764530e-01
3308	6.807388e-01
3309	6.849672e-01
3310	6.891381e-01
3311	6.932513e-01
3312	6.973065e-01
3313	7.013036e-01
3314	7.052424e-01
3315	7.091226e-01
3316	7.129440e-01
3317	7.167063e-01
3318	7.204092e-01
3319	7.240525e-01
3320	7.276360e-01
3321	7.311592e-01
3322	7.346220e-01
3323	7.380241e-01
3324	7.413652e-01
3325	7.446451e-01
3326	7.478635e-01
3327	7.510202e-01
3328	7.541150e-01
3329	7.571478e-01
3330	7.601182e-01
3331	7.630263e-01
3332	7.658718e-01
3333	7.686545e-01
3334	7.713744e-01
3335	7.740312e-01
3336	7.766249e-01
3337	7.791553e-01
3338	7.816221e-01
3339	7.840254e-01
3340	7.863648e-01
3341	7.886403e-01
3342	7.908517e-01
3343	7.929988e-01
3344	7.950815e-01
3345	7.970996e-01
3346	7.990529e-01
3347	8.009413e-01
3348	8.027646e-01
3349	8.045226e-01
3350	8.062153e-01
3351	8.078424e-01
3352	8.094040e-01
3353	8.108997e-01
3354	8.123296e-01
3355	8.136936e-01
3356	8.149915e-01
3357	8.162233e-01
3358	8.173890e-01
3359	8.184885e-01
3360	8.195217e-01
3361	8.204887e-01
3362	8.213894e-01
3363	8.222237e-01
3364	8.229916e-01
3365	8.236932e-01
3366	8.243285e-01
3367	8.248973e-01
3368	8.253998e-01
3369	8.258359e-01
3370	8.262057e-01
3371	8.265093e-01
3372	8.267466e-01
3373	8.269179e-01
3374	8.270231e-01
3375	8.270625e-01
3376	8.270361e-01
3377	8.269442e-01
3378	8.267869e-01
3379	8.265643e-01
3380	8.262767e-01
3381	8.259242e-01
3382	8.255070e-01
3383	8.250254e-01
3384	8.244794e-01
3385	8.238692e-01
3386	8.231951e-01
3387	8.224572e-01
3388	8.216557e-01
3389	8.207908e-01
3390	8.198627e-01
3391	8.188715e-01
3392	8.178175e-01
3393	8.167008e-01
3394	8.155218e-01
3395	8.142805e-01
3396	8.129773e-01
3397	8.116124e-01
3398	8.101859e-01
3399	8.086981e-01
3400	8.071492e-01
3401	8.055395e-01
3402	8.038691e-01
3403	8.021383e-01
3404	8.003472e-01
3405	7.984962e-01
3406	7.965853e-01
3407	7.946149e-01
3408	7.925851e-01
3409	7.904961e-01
3410	7.883481e-01
3411	7.861414e-01
3412	7.838762e-01
3413	7.815525e-01
3414	7.791707e-01
3415	7.767308e-01
3416	7.742330e-01
3417	7.716776e-01
3418	7.690645e-01
3419	7.663940e-01
3420	7.636663e-01
3421	7.608813e-01
3422	7.580393e-01
3423	7.551404e-01
3424	7.521848e-01
3425	7.491725e-01
3426	7.461037e-01
3427	7.429787e-01
3428	7.397975e-01
3429	7.365603e-01
3430	7.332672e-01
3431	7.299185e-01
3432	7.265144e-01
3433	7.230550e-01
3434	7.195404e-01
3435	7.159710e-01
3436	7.123469e-01
3437	7.086683e-01
3438	7.049354e-01
3439	7.011485e-01
3440	6.973078e-01
3441	6.934135e-01
3442	6.894660e-01
3443	6.854654e-01
3444	6.814122e-01
3445	6.773065e-01
3446	6.731486e-01
3447	6.689390e-01
3448	6.646779e-01
3449	6.603657e-01
3450	6.560026e-01
3451	6.515890e-01
3452	6.471253e-01
3453	6.426118e-01
3454	6.380487e-01
3455	6.334366e-01
3456	6.287758e-01
3457	6.240666e-01
3458	6.193094e-01
3459	6.145046e-01
3460	6.096526e-01
3461	6.047539e-01
3462	5.998088e-01
3463	5.948178e-01
3464	5.897813e-01
3465	5.846999e-01
3466	5.795738e-01
3467	5.744037e-01
3468	5.691899e-01
3469	5.639330e-01
3470	5.586335e-01
3471	5.532916e-01
3472	5.479081e-01
3473	5.424833e-01
3474	5.370176e-01
3475	5.315115e-01
3476	5.259655e-01
3477	5.203800e-01
3478	5.147553e-01
3479	5.090919e-01
3480	5.033902e-01
3481	4.976506e-01
3482	4.918733e-01
3483	4.860588e-01
3484	4.802075e-01
3485	4.743196e-01
3486	4.683956e-01
3487	4.624356e-01
3488	4.564402e-01
3489	4.504095e-01
3490	4.443439e-01
3491	4.382437e-01
3492	4.321092e-01
3493	4.259407e-01
3494	4.197384e-01
3495	4.135026e-01
3496	4.072336e-01
3497	4.009317e-01
3498	3.945971e-01
3499	3.882300e-01
3500	3.818308e-01
3501	3.753997e-01
3502	3.689371e-01
3503	3.624431e-01
3504	3.559181e-01
3505	3.493625e-01
3506	3.427766e-01
3507	3.361607e-01
3508	3.295152e-01
3509	3.228404e-01
3510	3.161368e-01
3511	3.094048e-01
3512	3.026446e-01
3513	2.958568e-01
3514	2.890416e-01
3515	2.821996e-01
3516	2.753310e-01
3517	2.684362e-01
3518	2.615157e-01
3519	2.545697e-01
3520	2.475988e-01
3521	2.406033e-01
3522	2.335835e-01
3523	2.265399e-01
3524	2.194729e-01
3525	2.123830e-01
3526	2.052705e-01
3527	1.981359e-01
3528	1.909797e-01
3529	1.838023e-01
3530	1.766043e-01
3531	1.693862e-01
3532	1.621484e-01
3533	1.548915e-01
3534	1.476161e-01
3535	1.403226e-01
3536	1.330117e-01
3537	1.256838e-01
3538	1.183397e-01
3539	1.109799e-01
3540	1.036051e-01
3541	9.621582e-02
3542	8.881285e-02
3543	8.139688e-02
3544	7.396863e-02
3545	6.652887e-02
3546	5.907836e-02
3547	5.161791e-02
3548	4.414833e-02
3549	3.667042e-02
3550	2.918501e-02
3551	2.169291e-02
3552	1.419493e-02
3553	6.691834e-03
3554	-8.155935e-04
3555	-8.326610e-03
3556	-1.584049e-02
3557	-2.335654e-02
3558	-3.087408e-02
3559	-3.839244e-02
3560	-4.591098e-02
3561	-5.342908e-02
3562	-6.094611e-02
3563	-6.846147e-02
3564	-7.597455e-02
3565	-8.348477e-02
3566	-9.099154e-02
3567	-9.849429e-02
3568	-1.059925e-01
3569	-1.134855e-01
3570	-1.209729e-01
3571	-1.284542e-01
3572	-1.359288e-01
3573	-1.433962e-01
3574	-1.508561e-01
3575	-1.583078e-01
3576	-1.657509e-01
3577	-1.731850e-01
3578	-1.806095e-01
3579	-1.880240e-01
3580	-1.954279e-01
3581	-2.028206e-01
3582	-2.102016e-01
3583	-2.175702e-01
3584	-2.249259e-01
3585	-2.322680e-01
3586	-2.395958e-01
3587	-2.469086e-01
3588	-2.542057e-01
3589	-2.614865e-01
3590	-2.687503e-01
3591	-2.759963e-01
3592	-2.832239e-01
3593	-2.904325e-01
3594	-2.976213e-01
3595	-3.047898e-01
3596	-3.119372e-01
3597	-3.190630e-01
3598	-3.261664e-01
3599	-3.332468e-01
3600	-3.403037e-01
3601	-3.473362e-01
3602	-3.543439e-01
3603	-3.613259e-01
3604	-3.682816e-01
3605	-3.752104e-01
3606	-3.821116e-01
3607	-3.889844e-01
3608	-3.958282e-01
3609	-4.026422e-01
3610	-4.094260e-01
3611	-4.161787e-01
3612	-4.228997e-01
3613	-4.295885e-01
3614	-4.362443e-01
3615	-4.428665e-01
3616	-4.494546e-01
3617	-4.560079e-01
3618	-4.625259e-01
3619	-4.690079e-01
3620	-4.754534e-01
3621	-4.818617e-01
3622	-4.882323e-01
3623	-4.945646e-01
3624	-5.008578e-01
3625	-5.071115e-01
3626	-5.133250e-01
3627	-5.194976e-01
3628	-5.256288e-01
3629	-5.317178e-01
3630	-5.377641e-01
3631	-5.437671e-01
3632	-5.497261e-01
3633	-5.556406e-01
3634	-5.615099e-01
3635	-5.673334e-01
3636	-5.731106e-01
3637	-5.788409e-01
3638	-5.845236e-01
3639	-5.901583e-01
3640	-5.957442e-01
3641	-6.012809e-01
3642	-6.067677e-01
3643	-6.122041e-01
3644	-6.175894e-01
3645	-6.229231e-01
3646	-6.282047e-01
3647	-6.334335e-01
3648	-6.386090e-01
3649	-6.437307e-01
3650	-6.487979e-01
3651	-6.538103e-01
3652	-6.587672e-01
3653	-6.636681e-01
3654	-6.685127e-01
3655	-6.733003e-01
3656	-6.780306e-01
3657	-6.827030e-01
3658	-6.873173e-01
3659	-6.918728e-01
3660	-6.963694e-01
3661	-7.008066e-01
3662	-7.051840e-01
3663	-7.095014e-01
3664	-7.137584e-01
3665	-7.179548e-01
3666	-7.220904e-01
3667	-7.261648e-01
3668	-7.301779e-01
3669	-7.341294e-01
3670	-7.380191e-01
3671	-7.418470e-01
3672	-7.456127e-01
3673	-7.493160e-01
3674	-7.529569e-01
3675	-7.565350e-01
3676	-7.600502e-01
3677	-7.635023e-01
3678	-7.668912e-01
3679	-7.702166e-01
3680	-7.734783e-01
3681	-7.766761e-01
3682	-7.798098e-01
3683	-7.828793e-01
3684	-7.858844e-01
3685	-7.888248e-01
3686	-7.917003e-01
3687	-7.945108e-01
3688	-7.972560e-01
3689	-7.999356e-01
3690	-8.025495e-01
3691	-8.050974e-01
3692	-8.075789e-01
3693	-8.099939e-01
3694	-8.123421e-01
3695	-8.146230e-01
3696	-8.168365e-01
3697	-8.189823e-01
3698	-8.210599e-01
3699	-8.230692e-01
3700	-8.250097e-01
3701	-8.268811e-01
3702	-8.286832e-01
3703	-8.304156e-01
3704	-8.320780e-01
3705	-8.336701e-01
3706	-8.351916e-01
3707	-8.366423e-01
3708	-8.380218e-01
3709	-8.393299e-01
3710	-8.405664e-01
3711	-8.417311e-01
3712	-8.428237e-01
3713	-8.438442e-01
3714	-8.447924e-01
3715	-8.456681e-01
3716	-8.464713e-01
3717	-8.472020e-01
3718	-8.478599e-01
3719	-8.484452e-01
3720	-8.489578e-01
3721	-8.493976e-01
3722	-8.497647e-01
3723	-8.500591e-01
3724	-8.502807e-01
3725	-8.504296e-01
3726	-8.505058e-01
3727	-8.505094e-01
3728	-8.504404e-01
3729	-8.502988e-01
3730	-8.500848e-01
3731	-8.497983e-01
3732	-8.494395e-01
3733	-8.490085e-01
3734	-8.485053e-01
3735	-8.479301e-01
3736	-8.472829e-01
3737	-8.465639e-01
3738	-8.457733e-01
3739	-8.449110e-01
3740	-8.439774e-01
3741	-8.429724e-01
3742	-8.418963e-01
3743	-8.407491e-01
3744	-8.395311e-01
3745	-8.382423e-01
3746	-8.368829e-01
3747	-8.354531e-01
3748	-8.339530e-01
3749	-8.323828e-01
3750	-8.307426e-01
3751	-8.290325e-01
3752	-8.272526e-01
3753	-8.254032e-01
3754	-8.234842e-01
3755	-8.214958e-01
3756	-8.194381e-01
3757	-8.173111e-01
3758	-8.151149e-01
3759	-8.128495e-01
3760	-8.105149e-01
3761	-8.081112e-01
3762	-8.056383e-01
3763	-8.030963e-01
3764	-8.004851e-01
3765	-7.978047e-01
3766	-7.950551e-01
3767	-7.922363e-01
3768	-7.893482e-01
3769	-7.863909e-01
3770	-7.833643e-01
3771	-7.802684e-01
3772	-7.771033e-01
3773	-7.738688e-01
3774	-7.705651e-01
3775	-7.671921e-01
3776	-7.637498e-01
3777	-7.602384e-01
3778	-7.566578e-01
3779	-7.530081e-01
3780	-7.492895e-01
3781	-7.455020e-01
3782	-7.416458e-01
3783	-7.377210e-01
3784	-7.337279e-01
3785	-7.296667e-01
3786	-7.255377e-01
3787	-7.213412e-01
3788	-7.170774e-01
3789	-7.127468e-01
3790	-7.083498e-01
3791	-7.038868e-01
3792	-6.993582e-01
3793	-6.947645e-01
3794	-6.901062e-01
3795	-6.853838e-01
3796	-6.805980e-01
3797	-6.757493e-01
3798	-6.708383e-01
3799	-6.658656e-01
3800	-6.608321e-01
3801	-6.557382e-01
3802	-6.505849e-01
3803	-6.453728e-01
3804	-6.401028e-01
3805	-6.347757e-01
3806	-6.293924e-01
3807	-6.239536e-01
3808	-6.184604e-01
3809	-6.129135e-01
3810	-6.073139e-01
3811	-6.016625e-01
3812	-5.959600e-01
3813	-5.902075e-01
3814	-5.844057e-01
3815	-5.785555e-01
3816	-5.726579e-01
3817	-5.667135e-01
3818	-5.607234e-01
3819	-5.546883e-01
3820	-5.486090e-01
3821	-5.424865e-01
3822	-5.363215e-01
3823	-5.301148e-01
3824	-5.238673e-01
3825	-5.175798e-01
3826	-5.112529e-01
3827	-5.048874e-01
3828	-4.984839e-01
3829	-4.920432e-01
3830	-4.855658e-01
3831	-4.790522e-01
3832	-4.725031e-01
3833	-4.659188e-01
3834	-4.592999e-01
3835	-4.526469e-01
3836	-4.459600e-01
3837	-4.392398e-01
3838	-4.324865e-01
3839	-4.257007e-01
3840	-4.188826e-01
3841	-4.120327e-01
3842	-4.051512e-01
3843	-3.982385e-01
3844	-3.912949e-01
3845	-3.843208e-01
3846	-3.773165e-01
3847	-3.702822e-01
3848	-3.632184e-01
3849	-3.561251e-01
3850	-3.490028e-01
3851	-3.418517e-01
3852	-3.346720e-01
3853	-3.274641e-01
3854	-3.202283e-01
3855	-3.129649e-01
3856	-3.056742e-01
3857	-2.983566e-01
3858	-2.910125e-01
3859	-2.836422e-01
3860	-2.762463e-01
3861	-2.688253e-01
3862	-2.613796e-01
3863	-2.539097e-01
3864	-2.464164e-01
3865	-2.389000e-01
3866	-2.313614e-01
3867	-2.238011e-01
3868	-2.162198e-01
3869	-2.086181e-01
3870	-2.009968e-01
3871	-1.933565e-01
3872	-1.856981e-01
3873	-1.780223e-01
3874	-1.703298e-01
3875	-1.626215e-01
3876	-1.548982e-01
3877	-1.471609e-01
3878	-1.394103e-01
3879	-1.316474e-01
3880	-1.238733e-01
3881	-1.160888e-01
3882	-1.082951e-01
3883	-1.004932e-01
3884	-9.268414e-02
3885	-8.486899e-02
3886	-7.704885e-02
3887	-6.922478e-02
3888	-6.139783e-02
3889	-5.356906e-02
3890	-4.573946e-02
3891	-3.791003e-02
3892	-3.008173e-02
3893	-2.225548e-02
3894	-1.443220e-02
3895	-6.612769e-03
3896	1.201941e-03
3897	9.011074e-03
3898	1.681379e-02
3899	2.460924e-02
3900	3.239660e-02
3901	4.017507e-02
3902	4.794383e-02
3903	5.570211e-02
3904	6.344914e-02
3905	7.118421e-02
3906	7.890661e-02
3907	8.661571e-02
3908	9.431088e-02
3909	1.019916e-01
3910	1.096572e-01
3911	1.173074e-01
3912	1.249415e-01
3913	1.325593e-01
3914	1.401602e-01
3915	1.477439e-01
3916	1.553099e-01
3917	1.628578e-01
3918	1.703871e-01
3919	1.778975e-01
3920	1.853885e-01
3921	1.928596e-01
3922	2.003104e-01
3923	2.077404e-01
3924	2.151492e-01
3925	2.225362e-01
3926	2.299010e-01
3927	2.372433e-01
3928	2.445625e-01
3929	2.518582e-01
3930	2.591300e-01
3931	2.663775e-01
3932	2.736002e-01
3933	2.807977e-01
3934	2.879695e-01
3935	2.951151e-01
3936	3.022340e-01
3937	3.093257e-01
3938	3.163896e-01
3939	3.234252e-01
3940	3.304317e-01
3941	3.374087e-01
3942	3.443555e-01
3943	3.512714e-01
3944	3.581558e-01
3945	3.650082e-01
3946	3.718280e-01
3947	3.786144e-01
3948	3.853670e-01
3949	3.920852e-01
3950	3.987684e-01
3951	4.054159e-01
3952	4.120272e-01
3953	4.186018e-01
3954	4.251388e-01
3955	4.316377e-01
3956	4.380978e-01
3957	4.445183e-01
3958	4.508986e-01
3959	4.572378e-01
3960	4.635352e-01
3961	4.697902e-01
3962	4.760018e-01
3963	4.821695e-01
3964	4.882926e-01
3965	4.943703e-01
3966	5.004020e-01
3967	5.063872e-01
3968	5.123252e-01
3969	5.182155e-01
3970	5.240575e-01
3971	5.298507e-01
3972	5.355945e-01
3973	5.412883e-01
3974	5.469316e-01
3975	5.525238e-01
3976	5.580644e-01
3977	5.635528e-01
3978	5.689885e-01
3979	5.743710e-01
3980	5.796997e-01
3981	5.849742e-01
3982	5.901940e-01
3983	5.953587e-01
3984	6.004679e-01
3985	6.055211e-01
3986	6.105181e-01
3987	6.154584e-01
3988	6.203418e-01
3989	6.251678e-01
3990	6.299363e-01
3991	6.346468e-01
3992	6.392991e-01
3993	6.438928e-01
3994	6.484278e-01
3995	6.529036e-01
3996	6.573202e-01
3997	6.616771e-01
3998	6.659743e-01
3999	6.702114e-01
4000	6.743884e-01
4001	6.785050e-01
4002	6.825611e-01
4003	6.865566e-01
4004	6.904914e-01
4005	6.943653e-01
4006	6.981784e-01
4007	7.019307e-01
4008	7.056221e-01
4009	7.092527e-01
4010	7.128227e-01
4011	7.163322e-01
4012	7.197813e-01
4013	7.231703e-01
4014	7.264994e-01
4015	7.297688e-01
4016	7.329787e-01
4017	7.361295e-01
4018	7.392212e-01
4019	7.422541e-01
4020	7.452284e-01
4021	7.481440e-01
4022	7.510012e-01
4023	7.538000e-01
4024	7.565406e-01
4025	7.592229e-01
4026	7.618470e-01
4027	7.644130e-01
4028	7.669210e-01
4029	7.693710e-01
4030	7.717630e-01
4031	7.740972e-01
4032	7.763736e-01
4033	7.785921e-01
4034	7.807529e-01
4035	7.828557e-01
4036	7.849006e-01
4037	7.868875e-01
4038	7.888162e-01
4039	7.906867e-01
4040	7.924988e-01
4041	7.942524e-01
4042	7.959475e-01
4043	7.975840e-01
4044	7.991618e-01
4045	8.006810e-01
4046	8.021416e-01
4047	8.035435e-01
4048	8.048870e-01
4049	8.061720e-01
4050	8.073986e-01
4051	8.085668e-01
4052	8.096767e-01
4053	8.107283e-01
4054	8.117216e-01
4055	8.126566e-01
4056	8.135333e-01
4057	8.143515e-01
4058	8.151114e-01
4059	8.158127e-01
4060	8.164555e-01
4061	8.170396e-01
4062	8.175650e-01
4063	8.180315e-01
4064	8.184391e-01
4065	8.187874e-01
4066	8.190765e-01
4067	8.193060e-01
4068	8.194758e-01
4069	8.195856e-01
4070	8.196353e-01
4071	8.196245e-01
4072	8.195531e-01
4073	8.194208e-01
4074	8.192275e-01
4075	8.189728e-01
4076	8.186566e-01
4077	8.182788e-01
4078	8.178391e-01
4079	8.173374e-01
4080	8.167735e-01
4081	8.161474e-01
4082	8.154588e-01
4083	8.147076e-01
4084	8.138939e-01
4085	8.130175e-01
4086	8.120785e-01
4087	8.110769e-01
4088	8.100128e-01
4089	8.088864e-01
4090	8.076979e-01
4091	8.064475e-01
4092	8.051356e-01
4093	8.037623e-01
4094	8.023281e-01
4095	8.008333e-01
4096	7.992783e-01
4097	7.976634e-01
4098	7.959889e-01
4099	7.942553e-01
4100	7.924627e-01
4101	7.906116e-01
4102	7.887023e-01
4103	7.867351e-01
4104	7.847104e-01
4105	7.826286e-01
4106	7.804900e-01
4107	7.782950e-01
4108	7.760441e-01
4109	7.737374e-01
4110	7.713755e-01
4111	7.689586e-01
4112	7.664870e-01
4113	7.639609e-01
4114	7.613805e-01
4115	7.587458e-01
4116	7.560571e-01
4117	7.533142e-01
4118	7.505171e-01
4119	7.476659e-01
4120	7.447605e-01
4121	7.418007e-01
4122	7.387866e-01
4123	7.357180e-01
4124	7.325948e-01
4125	7.294169e-01
4126	7.261841e-01
4127	7.228965e-01
4128	7.195539e-01
4129	7.161560e-01
4130	7.127029e-01
4131	7.091944e-01
4132	7.056303e-01
4133	7.020106e-01
4134	6.983350e-01
4135	6.946034e-01
4136	6.908159e-01
4137	6.869722e-01
4138	6.830722e-01
4139	6.791160e-01
4140	6.751035e-01
4141	6.710347e-01
4142	6.669095e-01
4143	6.627279e-01
4144	6.584901e-01
4145	6.541961e-01
4146	6.498459e-01
4147	6.454398e-01
4148	6.409778e-01
4149	6.364603e-01
4150	6.318873e-01
4151	6.272593e-01
4152	6.225765e-01
4153	6.178393e-01
4154	6.130481e-01
4155	6.082032e-01
4156	6.033050e-01
4157	5.983540e-01
4158	5.933506e-01
4159	5.882952e-01
4160	5.831882e-01
4161	5.780302e-01
4162	5.728216e-01
4163	5.675630e-01
4164	5.622548e-01
4165	5.568977e-01
4166	5.514922e-01
4167	5.460391e-01
4168	5.405389e-01
4169	5.349924e-01
4170	5.294003e-01
4171	5.237631e-01
4172	5.180817e-01
4173	5.123567e-01
4174	5.065887e-01
4175	5.007784e-01
4176	4.949263e-01
4177	4.890331e-01
4178	4.830992e-01
4179	4.771253e-01
4180	4.711119e-01
4181	4.650595e-01
4182	4.589686e-01
4183	4.528399e-01
4184	4.466737e-01
4185	4.404708e-01
4186	4.342315e-01
4187	4.279564e-01
4188	4.216460e-01
4189	4.153008e-01
4190	4.089212e-01
4191	4.025075e-01
4192	3.960603e-01
4193	3.895797e-01
4194	3.830662e-01
4195	3.765200e-01
4196	3.699415e-01
4197	3.633309e-01
4198	3.566886e-01
4199	3.500149e-01
4200	3.433100e-01
4201	3.365744e-01
4202	3.298084e-01
4203	3.230123e-01
4204	3.161865e-01
4205	3.093313e-01
4206	3.024471e-01
4207	2.955343e-01
4208	2.885930e-01
4209	2.816238e-01
4210	2.746269e-01
4211	2.676027e-01
4212	2.605514e-01
4213	2.534734e-01
4214	2.463691e-01
4215	2.392388e-01
4216	2.320830e-01
4217	2.249019e-01
4218	2.176960e-01
4219	2.104658e-01
4220	2.032116e-01
4221	1.959340e-01
4222	1.886334e-01
4223	1.813103e-01
4224	1.739651e-01
4225	1.665985e-01
4226	1.592108e-01
4227	1.518028e-01
4228	1.443749e-01
4229	1.369277e-01
4230	1.294619e-01
4231	1.219782e-01
4232	1.144771e-01
4233	1.069594e-01
4234	9.942566e-02
4235	9.187671e-02
4236	8.431326e-02
4237	7.673603e-02
4238	6.914579e-02
4239	6.154333e-02
4240	5.392944e-02
4241	4.630495e-02
4242	3.867071e-02
4243	3.102759e-02
4244	2.337646e-02
4245	1.571821e-02
4246	8.053739e-03
4247	3.839372e-04
4248	-7.290318e-03
4249	-1.496817e-02
4250	-2.264877e-02
4251	-3.033133e-02
4252	-3.801505e-02
4253	-4.569920e-02
4254	-5.338304e-02
4255	-6.106586e-02
4256	-6.874696e-02
4257	-7.642565e-02
4258	-8.410123e-02
4259	-9.177298e-02
4260	-9.944018e-02
4261	-1.071021e-01
4262	-1.147579e-01
4263	-1.224069e-01
4264	-1.300483e-01
4265	-1.376813e-01
4266	-1.453051e-01
4267	-1.529188e-01
4268	-1.605217e-01
4269	-1.681131e-01
4270	-1.756922e-01
4271	-1.832582e-01
4272	-1.908104e-01
4273	-1.983480e-01
4274	-2.058705e-01
4275	-2.133769e-01
4276	-2.208668e-01
4277	-2.283393e-01
4278	-2.357938e-01
4279	-2.432296e-01
4280	-2.506460e-01
4281	-2.580425e-01
4282	-2.654182e-01
4283	-2.727727e-01
4284	-2.801054e-01
4285	-2.874155e-01
4286	-2.947026e-01
4287	-3.019662e-01
4288	-3.092057e-01
4289	-3.164206e-01
4290	-3.236104e-01
4291	-3.307747e-01
4292	-3.379129e-01
4293	-3.450248e-01
4294	-3.521097e-01
4295	-3.591672e-01
4296	-3.661970e-01
4297	-3.731985e-01
4298	-3.801713e-01
4299	-3.871149e-01
4300	-3.940289e-01
4301	-4.009127e-01
4302	-4.077659e-01
4303	-4.145879e-01
4304	-4.213782e-01
4305	-4.281363e-01
4306	-4.348615e-01
4307	-4.415533e-01
4308	-4.482111e-01
4309	-4.548344e-01
4310	-4.614224e-01
4311	-4.679748e-01
4312	-4.744908e-01
4313	-4.809699e-01
4314	-4.874116e-01
4315	-4.938153e-01
4316	-5.001804e-01
4317	-5.065065e-01
4318	-5.127930e-01
4319	-5.190395e-01
4320	-5.252453e-01
4321	-5.314101e-01
4322	-5.375333e-01
4323	-5.436145e-01
4324	-5.496530e-01
4325	-5.556486e-01
4326	-5.616007e-01
4327	-5.675088e-01
4328	-5.733725e-01
4329	-5.791913e-01
4330	-5.849648e-01
4331	-5.906925e-01
4332	-5.963740e-01
4333	-6.020089e-01
4334	-6.075966e-01
4335	-6.131368e-01
4336	-6.186289e-01
4337	-6.240725e-01
4338	-6.294670e-01
4339	-6.348120e-01
4340	-6.401070e-01
4341	-6.453515e-01
4342	-6.505448e-01
4343	-6.556865e-01
4344	-6.607759e-01
4345	-6.658126e-01
4346	-6.707960e-01
4347	-6.757254e-01
4348	-6.806003e-01
4349	-6.854201e-01
4350	-6.901842e-01
4351	-6.948921e-01
4352	-6.995430e-01
4353	-7.041364e-01
4354	-7.086716e-01
4355	-7.131481e-01
4356	-7.175653e-01
4357	-7.219224e-01
4358	-7.262190e-01
4359	-7.304544e-01
4360	-7.346279e-01
4361	-7.387389e-01
4362	-7.427869e-01
4363	-7.467712e-01
4364	-7.506911e-01
4365	-7.545462e-01
4366	-7.583357e-01
4367	-7.620592e-01
4368	-7.657160e-01
4369	-7.693057e-01
4370	-7.728277e-01
4371	-7.762815e-01
4372	-7.796668e-01
4373	-7.829831e-01
4374	-7.862301e-01
4375	-7.894076e-01
4376	-7.925152e-01
4377	-7.955527e-01
4378	-7.985199e-01
4379	-8.014168e-01
4380	-8.042431e-01
4381	-8.069988e-01
4382	-8.096840e-01
4383	-8.122984e-01
4384	-8.148422e-01
4385	-8.173154e-01
4386	-8.197181e-01
4387	-8.220503e-01
4388	-8.243122e-01
4389	-8.265038e-01
4390	-8.286255e-01
4391	-8.306773e-01
4392	-8.326594e-01
4393	-8.345721e-01
4394	-8.364156e-01
4395	-8.381899e-01
4396	-8.398954e-01
4397	-8.415321e-01
4398	-8.431002e-01
4399	-8.445998e-01
4400	-8.460309e-01
4401	-8.473936e-01
4402	-8.486877e-01
4403	-8.499134e-01
4404	-8.510705e-01
4405	-8.521589e-01
4406	-8.531784e-01
4407	-8.541289e-01
4408	-8.550103e-01
4409	-8.558223e-01
4410	-8.565647e-01
4411	-8.572373e-01
4412	-8.578399e-01
4413	-8.583721e-01
4414	-8.588338e-01
4415	-8.592246e-01
4416	-8.595443e-01
4417	-8.597926e-01
4418	-8.599692e-01
4419	-8.600737e-01
4420	-8.601060e-01
4421	-8.600657e-01
4422	-8.599526e-01
4423	-8.597663e-01
4424	-8.595067e-01
4425	-8.591734e-01
4426	-8.587663e-01
4427	-8.582852e-01
4428	-8.577297e-01
4429	-8.570999e-01
4430	-8.563954e-01
4431	-8.556161e-01
4432	-8.547619e-01
4433	-8.538327e-01
4434	-8.528284e-01
4435	-8.517489e-01
4436	-8.505942e-01
4437	-8.493642e-01
4438	-8.480590e-01
4439	-8.466785e-01
4440	-8.452229e-01
4441	-8.436921e-01
4442	-8.420864e-01
4443	-8.404057e-01
4444	-8.386504e-01
4445	-8.368205e-01
4446	-8.349162e-01
4447	-8.329379e-01
4448	-8.308856e-01
4449	-8.287597e-01
4450	-8.265604e-01
4451	-8.242880e-01
4452	-8.219429e-01
4453	-8.195253e-01
4454	-8.170357e-01
4455	-8.144744e-01
4456	-8.118417e-01
4457	-8.091383e-01
4458	-8.063643e-01
4459	-8.035204e-01
4460	-8.006070e-01
4461	-7.976245e-01
4462	-7.945735e-01
4463	-7.914544e-01
4464	-7.882677e-01
4465	-7.850139e-01
4466	-7.816936e-01
4467	-7.783071e-01
4468	-7.748550e-01
4469	-7.713378e-01
4470	-7.677559e-01
4471	-7.641098e-01
4472	-7.604000e-01
4473	-7.566269e-01
4474	-7.527910e-01
4475	-7.488927e-01
4476	-7.449325e-01
4477	-7.409107e-01
4478	-7.368279e-01
4479	-7.326844e-01
4480	-7.284807e-01
4481	-7.242171e-01
4482	-7.198940e-01
4483	-7.155118e-01
4484	-7.110709e-01
4485	-7.065715e-01
4486	-7.020141e-01
4487	-6.973990e-01
4488	-6.927265e-01
4489	-6.879969e-01
4490	-6.832107e-01
4491	-6.783681e-01
4492	-6.734695e-01
4493	-6.685152e-01
4494	-6.635056e-01
4495	-6.584410e-01
4496	-6.533218e-01
4497	-6.481483e-01
4498	-6.429208e-01
4499	-6.376397e-01
4500	-6.323052e-01
4501	-6.269178e-01
4502	-6.214776e-01
4503	-6.159850e-01
4504	-6.104403e-01
4505	-6.048437e-01
4506	-5.991954e-01
4507	-5.934959e-01
4508	-5.877452e-01
4509	-5.819436e-01
4510	-5.760915e-01
4511	-5.701891e-01
4512	-5.642366e-01
4513	-5.582344e-01
4514	-5.521827e-01
4515	-5.460819e-01
4516	-5.399323e-01
4517	-5.337342e-01
4518	-5.274880e-01
4519	-5.211940e-01
4520	-5.148528e-01
4521	-5.084647e-01
4522	-5.020302e-01
4523	-4.955498e-01
4524	-4.890240e-01
4525	-4.824535e-01
4526	-4.758387e-01
4527	-4.691803e-01
4528	-4.624791e-01
4529	-4.557357e-01
4530	-4.489509e-01
4531	-4.421255e-01
4532	-4.352602e-01
4533	-4.283561e-01
4534	-4.214139e-01
4535	-4.144346e-01
4536	-4.074192e-01
4537	-4.003686e-01
4538	-3.932839e-01
4539	-3.861660e-01
4540	-3.790160e-01
4541	-3.718349e-01
4542	-3.646239e-01
4543	-3.573840e-01
4544	-3.501163e-01
4545	-3.428217e-01
4546	-3.355015e-01
4547	-3.281566e-01
4548	-3.207880e-01
4549	-3.133969e-01
4550	-3.059841e-01
4551	-2.985507e-01
4552	-2.910976e-01
4553	-2.836256e-01
4554	-2.761358e-01
4555	-2.686288e-01
4556	-2.611057e-01
4557	-2.535670e-01
4558	-2.460137e-01
4559	-2.384465e-01
4560	-2.308659e-01
4561	-2.232728e-01
4562	-2.156679e-01
4563	-2.080516e-01
4564	-2.004248e-01
4565	-1.927879e-01
4566	-1.851417e-01
4567	-1.774866e-01
4568	-1.698234e-01
4569	-1.621525e-01
4570	-1.544745e-01
4571	-1.467901e-01
4572	-1.390998e-01
4573	-1.314042e-01
4574	-1.237037e-01
4575	-1.159991e-01
4576	-1.082909e-01
4577	-1.005795e-01
4578	-9.286558e-02
4579	-8.514964e-02
4580	-7.743218e-02
4581	-6.971371e-02
4582	-6.199473e-02
4583	-5.427570e-02
4584	-4.655710e-02
4585	-3.883938e-02
4586	-3.112299e-02
4587	-2.340838e-02
4588	-1.569599e-02
4589	-7.986266e-03
4590	-2.796517e-04
4591	7.423394e-03
4592	1.512241e-02
4593	2.281693e-02
4594	3.050647e-02
4595	3.819055e-02
4596	4.586869e-02
4597	5.354038e-02
4598	6.120515e-02
4599	6.886248e-02
4600	7.651190e-02
4601	8.415291e-02
4602	9.178501e-02
4603	9.940774e-02
4604	1.070206e-01
4605	1.146231e-01
4606	1.222148e-01
4607	1.297953e-01
4608	1.373639e-01
4609	1.449204e-01
4610	1.524642e-01
4611	1.599949e-01
4612	1.675120e-01
4613	1.750150e-01
4614	1.825035e-01
4615	1.899771e-01
4616	1.974352e-01
4617	2.048774e-01
4618	2.123032e-01
4619	2.197121e-01
4620	2.271036e-01
4621	2.344772e-01
4622	2.418322e-01
4623	2.491682e-01
4624	2.564846e-01
4625	2.637808e-01
4626	2.710561e-01
4627	2.783100e-01
4628	2.855417e-01
4629	2.927507e-01
4630	2.999363e-01
4631	3.070977e-01
4632	3.142343e-01
4633	3.213454e-01
4634	3.284303e-01
4635	3.354882e-01
4636	3.425184e-01
4637	3.495202e-01
4638	3.564929e-01
4639	3.634358e-01
4640	3.703482e-01
4641	3.772294e-01
4642	3.840788e-01
4643	3.908958e-01
4644	3.976796e-01
4645	4.044297e-01
4646	4.111456e-01
4647	4.178267e-01
4648	4.244723e-01
4649	4.310821e-01
4650	4.376554e-01
4651	4.441917e-01
4652	4.506905e-01
4653	4.571513e-01
4654	4.635736e-01
4655	4.699569e-01
4656	4.763007e-01
4657	4.826047e-01
4658	4.888683e-01
4659	4.950912e-01
4660	5.012730e-01
4661	5.074133e-01
4662	5.135119e-01
4663	5.195683e-01
4664	5.255824e-01
4665	5.315538e-01
4666	5.374821e-01
4667	5.433672e-01
4668	5.492087e-01
4669	5.550062e-01
4670	5.607595e-01
4671	5.664683e-01
4672	5.721322e-01
4673	5.777508e-01
4674	5.833239e-01
4675	5.888512e-01
4676	5.943323e-01
4677	5.997669e-01
4678	6.051547e-01
4679	6.104955e-01
4680	6.157889e-01
4681	6.210345e-01
4682	6.262322e-01
4683	6.313816e-01
4684	6.364823e-01
4685	6.415340e-01
4686	6.465365e-01
4687	6.514893e-01
4688	6.563923e-01
4689	6.612450e-01
4690	6.660471e-01
4691	6.707985e-01
4692	6.754989e-01
4693	6.801479e-01
4694	6.847454e-01
4695	6.892912e-01
4696	6.937851e-01
4697	6.982267e-01
4698	7.026160e-01
4699	7.069527e-01
4700	7.112364e-01
4701	7.154671e-01
4702	7.196443e-01
4703	7.237679e-01
4704	7.278376e-01
4705	7.318529e-01
4706	7.358137e-01
4707	7.397197e-01
4708	7.435704e-01
4709	7.473656e-01
4710	7.511050e-01
4711	7.547882e-01
4712	7.584148e-01
4713	7.619845e-01
4714	7.654968e-01
4715	7.689512e-01
4716	7.723474e-01
4717	7.756848e-01
4718	7.789630e-01
4719	7.821814e-01
4720	7.853395e-01
4721	7.884367e-01
4722	7.914726e-01
4723	7.944466e-01
4724	7.973582e-01
4725	8.002069e-01
4726	8.029921e-01
4727	8.057134e-01
4728	8.083701e-01
4729	8.109620e-01
4730	8.134883e-01
4731	8.159488e-01
4732	8.183430e-01
4733	8.206703e-01
4734	8.229306e-01
4735	8.251234e-01
4736	8.272484e-01
4737	8.293055e-01
4738	8.312944e-01
4739	8.332152e-01
4740	8.350676e-01
4741	8.368517e-01
4742	8.385676e-01
4743	8.402152e-01
4744	8.417948e-01
4745	8.433063e-01
4746	8.447501e-01
4747	8.461261e-01
4748	8.474345e-01
4749	8.486755e-01
4750	8.498492e-01
4751	8.509559e-01
4752	8.519955e-01
4753	8.529684e-01
4754	8.538746e-01
4755	8.547144e-01
4756	8.554878e-01
4757	8.561950e-01
4758	8.568362e-01
4759	8.574115e-01
4760	8.579210e-01
4761	8.583648e-01
4762	8.587430e-01
4763	8.590557e-01
4764	8.593030e-01
4765	8.594849e-01
4766	8.596016e-01
4767	8.596530e-01
4768	8.596392e-01
4769	8.595603e-01
4770	8.594163e-01
4771	8.592073e-01
4772	8.589334e-01
4773	8.585945e-01
4774	8.581906e-01
4775	8.577218e-01
4776	8.571881e-01
4777	8.565893e-01
4778	8.559254e-01
4779	8.551963e-01
4780	8.544019e-01
4781	8.535421e-01
4782	8.526169e-01
4783	8.516259e-01
4784	8.505693e-01
4785	8.494468e-01
4786	8.482582e-01
4787	8.470036e-01
4788	8.456828e-01
4789	8.442955e-01
4790	8.428418e-01
4791	8.413214e-01
4792	8.397341e-01
4793	8.380797e-01
4794	8.363582e-01
4795	8.345692e-01
4796	8.327127e-01
4797	8.307884e-01
4798	8.287963e-01
4799	8.267361e-01
4800	8.246080e-01
4801	8.224118e-01
4802	8.201475e-01
4803	8.178152e-01
4804	8.154149e-01
4805	8.129468e-01
4806	8.104111e-01
4807	8.078078e-01
4808	8.051372e-01
4809	8.023995e-01
4810	7.995949e-01
4811	7.967237e-01
4812	7.937861e-01
4813	7.907826e-01
4814	7.877134e-01
4815	7.845790e-01
4816	7.813798e-01
4817	7.781163e-01
4818	7.747889e-01
4819	7.713982e-01
4820	7.679448e-01
4821	7.644291e-01
4822	7.608518e-01
4823	7.572133e-01
4824	7.535143e-01
4825	7.497552e-01
4826	7.459366e-01
4827	7.420589e-01
4828	7.381227e-01
4829	7.341284e-01
4830	7.300766e-01
4831	7.259676e-01
4832	7.218021e-01
4833	7.175803e-01
4834	7.133028e-01
4835	7.089701e-01
4836	7.045825e-01
4837	7.001405e-01
4838	6.956444e-01
4839	6.910946e-01
4840	6.864914e-01
4841	6.818350e-01
4842	6.771258e-01
4843	6.723639e-01
4844	6.675494e-01
4845	6.626826e-01
4846	6.577635e-01
4847	6.527923e-01
4848	6.477691e-01
4849	6.426938e-01
4850	6.375666e-01
4851	6.323875e-01
4852	6.271565e-01
4853	6.218736e-01
4854	6.165389e-01
4855	6.111523e-01
4856	6.057139e-01
4857	6.002237e-01
4858	5.946818e-01
4859	5.890883e-01
4860	5.834432e-01
4861	5.777468e-01
4862	5.719993e-01
4863	5.662010e-01
4864	5.603520e-01
4865	5.544528e-01
4866	5.485038e-01
4867	5.425053e-01
4868	5.364579e-01
4869	5.303620e-01
4870	5.242180e-01
4871	5.180266e-01
4872	5.117883e-01
4873	5.055035e-01
4874	4.991728e-01
4875	4.927968e-01
4876	4.863761e-01
4877	4.799111e-01
4878	4.734026e-01
4879	4.668511e-01
4880	4.602572e-01
4881	4.536214e-01
4882	4.469443e-01
4883	4.402265e-01
4884	4.334686e-01
4885	4.266709e-01
4886	4.198342e-01
4887	4.129588e-01
4888	4.060453e-01
4889	3.990940e-01
4890	3.921057e-01
4891	3.850806e-01
4892	3.780193e-01
4893	3.709224e-01
4894	3.637904e-01
4895	3.566239e-01
4896	3.494234e-01
4897	3.421896e-01
4898	3.349231e-01
4899	3.276246e-01
4900	3.202946e-01
4901	3.129340e-01
4902	3.055432e-01
4903	2.981231e-01
4904	2.906743e-01
4905	2.831974e-01
4906	2.756932e-01
4907	2.681624e-01
4908	2.606056e-01
4909	2.530236e-01
4910	2.454171e-01
4911	2.377868e-01
4912	2.301335e-01
4913	2.224578e-01
4914	2.147605e-01
4915	2.070424e-01
4916	1.993042e-01
4917	1.915466e-01
4918	1.837702e-01
4919	1.759759e-01
4920	1.681642e-01
4921	1.603360e-01
4922	1.524919e-01
4923	1.446325e-01
4924	1.367586e-01
4925	1.288708e-01
4926	1.209700e-01
4927	1.130566e-01
4928	1.051315e-01
4929	9.719531e-02
4930	8.924872e-02
4931	8.129239e-02
4932	7.332697e-02
4933	6.535311e-02
4934	5.737144e-02
4935	4.938258e-02
4936	4.138714e-02
4937	3.338572e-02
4938	2.537895e-02
4939	1.736744e-02
4940	9.351817e-03
4941	1.332713e-03
4942	-6.689225e-03
4943	-1.471334e-02
4944	-2.273897e-02
4945	-3.076543e-02
4946	-3.879207e-02
4947	-4.681820e-02
4948	-5.484316e-02
4949	-6.286628e-02
4950	-7.088691e-02
4951	-7.890441e-02
4952	-8.691812e-02
4953	-9.492742e-02
4954	-1.029317e-01
4955	-1.109302e-01
4956	-1.189225e-01
4957	-1.269078e-01
4958	-1.348855e-01
4959	-1.428550e-01
4960	-1.508157e-01
4961	-1.587668e-01
4962	-1.667078e-01
4963	-1.746380e-01
4964	-1.825567e-01
4965	-1.904635e-01
4966	-1.983577e-01
4967	-2.062386e-01
4968	-2.141056e-01
4969	-2.219583e-01
4970	-2.297959e-01
4971	-2.376179e-01
4972	-2.454238e-01
4973	-2.532128e-01
4974	-2.609845e-01
4975	-2.687383e-01
4976	-2.764735e-01
4977	-2.841896e-01
4978	-2.918860e-01
4979	-2.995621e-01
4980	-3.072174e-01
4981	-3.148515e-01
4982	-3.224636e-01
4983	-3.300533e-01
4984	-3.376202e-01
4985	-3.451635e-01
4986	-3.526830e-01
4987	-3.601779e-01
4988	-3.676477e-01
4989	-3.750919e-01
4990	-3.825099e-01
4991	-3.899010e-01
4992	-3.972647e-01
4993	-4.046003e-01
4994	-4.119070e-01
4995	-4.191842e-01
4996	-4.264312e-01
4997	-4.336471e-01
4998	-4.408313e-01
4999	-4.479829e-01
5000	-4.551012e-01
